Original File:	C:\Users\pharmagal\Desktop\Arosio_Eduard\20230907_0002_BVs_S_size_405.avi	Section:	0,1 [0]
Operator:	pharmagal
Experiment:	20230907_0002
ZetaVIEW S/N:	18-359
Software:	ZetaView (version 8.05.12 SP1)	Analyze:	8.05.12 SP1
Sample:	BVs_S
Electrolyte:	diw
pH:	7,400000	entered
Conductivity:	15000,000000	sensed
Temperature:	24,880000	sensed
Viscosity:	0,902914
Date:	2023-09-07
Time:	11:04:34
General Remarks:	
Remarks:	
Sample Remarks0:	
Sample Remarks1:	
Sample Remarks2:
Scattering Intensity:	6,086810
Detected Particles:	30
Cell Checked:	2023-09-07 10:42:59
Cell Check Result:	Very Good
Type of Measurement:	Size Distribution
Microscope Position:	0,100004
Number of Traces:	273	(at 0,100000)	Average Number of Particles:	35,500000	Dilution::	100,000000
Image Evaluation:
Minimum Brightness:	30
Minimum Area:	10
Maximum Area:	1000
Maximum Brightness:	255
Tracking Radius2:	100
Minimum Tracelength:	30
Begin New Traces:	1
PSD log Correction:	0
Camera:	FpSec 60 #Cycles 2 FRate 30,000000
Gain:	28,800000
Offset:	0,000000
Shutter:	100,000000
Brightness:	NaN
Gamma:	NaN
Auto Exposure:	NaN
Camera Trigger Mode:	Camera Frequency
Camera Trigger Duration mus:	Shutter Duration
Camera Trigger Delay mus:	0
Laser Wavelength nm:	405,000000
Filter Wavelength nm:	Scatter
Position:	0,100004
actual Microscope:	-84049	(Pos	0,100004)
actual Laser:	-214238
Position0 Microscope:	-91477
Position0 Laser:	-224182
Position1 Microscope:	-17200
Position1 Laser:	-124745
Cell Thickness (Microscope Steps):	-74277
Cell Thickness (Laser Steps):	-99437
SL1 (Stationary Layer 1):	0,149500
SL2 (Stationary Layer 2):	0,850500
Cell parameter:
Cell#:	ZNTA
Micrometer per Pixel:	0,712000
Reference Electrode Distance:	5,150000
Voltage:	0,000000
Polarity:	1
Reference Voltage:	0,000000
Microscope Magnification:	x10
ZP Factor:	12,845149 (Smoluchowski)Results (Pos 0,100004):
Median Number (D50):	134,366197
Median Concentration (D50):	134,366197
Median Volume (D50):	249,700609
Size Distribution
Size / nm	Number	Concentration / cm-3	Volume / nm^3	Area / nm^2
1,500E+1	0,000E+0	0,000E+0	0,000E+0	0,000E+0
4,500E+1	1,000E+0	6,113E+4	4,771E+4	1,590E+3
7,500E+1	1,600E+1	9,781E+5	3,534E+6	7,069E+4
1,050E+2	5,000E+1	3,057E+6	3,031E+7	4,330E+5
1,350E+2	7,100E+1	4,341E+6	9,147E+7	1,016E+6
1,650E+2	6,400E+1	3,913E+6	1,505E+8	1,368E+6
1,950E+2	3,000E+1	1,834E+6	1,165E+8	8,959E+5
2,250E+2	1,300E+1	7,947E+5	7,753E+7	5,169E+5
2,550E+2	1,100E+1	6,725E+5	9,550E+7	5,618E+5
2,850E+2	3,000E+0	1,834E+5	3,636E+7	1,914E+5
3,150E+2	3,000E+0	1,834E+5	4,910E+7	2,338E+5
3,450E+2	3,000E+0	1,834E+5	6,450E+7	2,804E+5
3,750E+2	3,000E+0	1,834E+5	8,283E+7	3,313E+5
4,050E+2	1,000E+0	6,113E+4	3,478E+7	1,288E+5
4,350E+2	1,000E+0	6,113E+4	4,310E+7	1,486E+5
4,650E+2	1,000E+0	6,113E+4	5,265E+7	1,698E+5
4,950E+2	1,000E+0	6,113E+4	6,351E+7	1,924E+5
5,250E+2	0,000E+0	0,000E+0	0,000E+0	0,000E+0
5,550E+2	0,000E+0	0,000E+0	0,000E+0	0,000E+0
5,850E+2	1,000E+0	6,113E+4	1,048E+8	2,688E+5
6,150E+2	0,000E+0	0,000E+0	0,000E+0	0,000E+0
6,450E+2	0,000E+0	0,000E+0	0,000E+0	0,000E+0
6,750E+2	0,000E+0	0,000E+0	0,000E+0	0,000E+0
7,050E+2	0,000E+0	0,000E+0	0,000E+0	0,000E+0
7,350E+2	0,000E+0	0,000E+0	0,000E+0	0,000E+0
7,650E+2	0,000E+0	0,000E+0	0,000E+0	0,000E+0
7,950E+2	0,000E+0	0,000E+0	0,000E+0	0,000E+0
8,250E+2	0,000E+0	0,000E+0	0,000E+0	0,000E+0
8,550E+2	0,000E+0	0,000E+0	0,000E+0	0,000E+0
8,850E+2	0,000E+0	0,000E+0	0,000E+0	0,000E+0
9,150E+2	0,000E+0	0,000E+0	0,000E+0	0,000E+0
9,450E+2	0,000E+0	0,000E+0	0,000E+0	0,000E+0
9,750E+2	0,000E+0	0,000E+0	0,000E+0	0,000E+0
1,005E+3	0,000E+0	0,000E+0	0,000E+0	0,000E+0
1,035E+3	0,000E+0	0,000E+0	0,000E+0	0,000E+0
1,065E+3	0,000E+0	0,000E+0	0,000E+0	0,000E+0
1,095E+3	0,000E+0	0,000E+0	0,000E+0	0,000E+0
1,125E+3	0,000E+0	0,000E+0	0,000E+0	0,000E+0
1,155E+3	0,000E+0	0,000E+0	0,000E+0	0,000E+0
1,185E+3	0,000E+0	0,000E+0	0,000E+0	0,000E+0
1,215E+3	0,000E+0	0,000E+0	0,000E+0	0,000E+0
1,245E+3	0,000E+0	0,000E+0	0,000E+0	0,000E+0
1,275E+3	0,000E+0	0,000E+0	0,000E+0	0,000E+0
1,305E+3	0,000E+0	0,000E+0	0,000E+0	0,000E+0
1,335E+3	0,000E+0	0,000E+0	0,000E+0	0,000E+0
1,365E+3	0,000E+0	0,000E+0	0,000E+0	0,000E+0
1,395E+3	0,000E+0	0,000E+0	0,000E+0	0,000E+0
1,425E+3	0,000E+0	0,000E+0	0,000E+0	0,000E+0
1,455E+3	0,000E+0	0,000E+0	0,000E+0	0,000E+0
1,485E+3	0,000E+0	0,000E+0	0,000E+0	0,000E+0
1,515E+3	0,000E+0	0,000E+0	0,000E+0	0,000E+0
1,545E+3	0,000E+0	0,000E+0	0,000E+0	0,000E+0
1,575E+3	0,000E+0	0,000E+0	0,000E+0	0,000E+0
1,605E+3	0,000E+0	0,000E+0	0,000E+0	0,000E+0
1,635E+3	0,000E+0	0,000E+0	0,000E+0	0,000E+0
1,665E+3	0,000E+0	0,000E+0	0,000E+0	0,000E+0
1,695E+3	0,000E+0	0,000E+0	0,000E+0	0,000E+0
1,725E+3	0,000E+0	0,000E+0	0,000E+0	0,000E+0
1,755E+3	0,000E+0	0,000E+0	0,000E+0	0,000E+0
1,785E+3	0,000E+0	0,000E+0	0,000E+0	0,000E+0
1,815E+3	0,000E+0	0,000E+0	0,000E+0	0,000E+0
1,845E+3	0,000E+0	0,000E+0	0,000E+0	0,000E+0
1,875E+3	0,000E+0	0,000E+0	0,000E+0	0,000E+0
1,905E+3	0,000E+0	0,000E+0	0,000E+0	0,000E+0
1,935E+3	0,000E+0	0,000E+0	0,000E+0	0,000E+0
1,965E+3	0,000E+0	0,000E+0	0,000E+0	0,000E+0
1,995E+3	0,000E+0	0,000E+0	0,000E+0	0,000E+0
2,025E+3	0,000E+0	0,000E+0	0,000E+0	0,000E+0
2,055E+3	0,000E+0	0,000E+0	0,000E+0	0,000E+0
2,085E+3	0,000E+0	0,000E+0	0,000E+0	0,000E+0
2,115E+3	0,000E+0	0,000E+0	0,000E+0	0,000E+0
2,145E+3	0,000E+0	0,000E+0	0,000E+0	0,000E+0
2,175E+3	0,000E+0	0,000E+0	0,000E+0	0,000E+0
2,205E+3	0,000E+0	0,000E+0	0,000E+0	0,000E+0
2,235E+3	0,000E+0	0,000E+0	0,000E+0	0,000E+0
2,265E+3	0,000E+0	0,000E+0	0,000E+0	0,000E+0
2,295E+3	0,000E+0	0,000E+0	0,000E+0	0,000E+0
2,325E+3	0,000E+0	0,000E+0	0,000E+0	0,000E+0
2,355E+3	0,000E+0	0,000E+0	0,000E+0	0,000E+0
2,385E+3	0,000E+0	0,000E+0	0,000E+0	0,000E+0
2,415E+3	0,000E+0	0,000E+0	0,000E+0	0,000E+0
2,445E+3	0,000E+0	0,000E+0	0,000E+0	0,000E+0
2,475E+3	0,000E+0	0,000E+0	0,000E+0	0,000E+0
2,505E+3	0,000E+0	0,000E+0	0,000E+0	0,000E+0
2,535E+3	0,000E+0	0,000E+0	0,000E+0	0,000E+0
2,565E+3	0,000E+0	0,000E+0	0,000E+0	0,000E+0
2,595E+3	0,000E+0	0,000E+0	0,000E+0	0,000E+0
2,625E+3	0,000E+0	0,000E+0	0,000E+0	0,000E+0
2,655E+3	0,000E+0	0,000E+0	0,000E+0	0,000E+0
2,685E+3	0,000E+0	0,000E+0	0,000E+0	0,000E+0
2,715E+3	0,000E+0	0,000E+0	0,000E+0	0,000E+0
2,745E+3	0,000E+0	0,000E+0	0,000E+0	0,000E+0
2,775E+3	0,000E+0	0,000E+0	0,000E+0	0,000E+0
2,805E+3	0,000E+0	0,000E+0	0,000E+0	0,000E+0
2,835E+3	0,000E+0	0,000E+0	0,000E+0	0,000E+0
2,865E+3	0,000E+0	0,000E+0	0,000E+0	0,000E+0
2,895E+3	0,000E+0	0,000E+0	0,000E+0	0,000E+0
2,925E+3	0,000E+0	0,000E+0	0,000E+0	0,000E+0
2,955E+3	0,000E+0	0,000E+0	0,000E+0	0,000E+0
2,985E+3	0,000E+0	0,000E+0	0,000E+0	0,000E+0
3,015E+3	0,000E+0	0,000E+0	0,000E+0	0,000E+0
3,045E+3	0,000E+0	0,000E+0	0,000E+0	0,000E+0
3,075E+3	0,000E+0	0,000E+0	0,000E+0	0,000E+0
3,105E+3	0,000E+0	0,000E+0	0,000E+0	0,000E+0
3,135E+3	0,000E+0	0,000E+0	0,000E+0	0,000E+0
3,165E+3	0,000E+0	0,000E+0	0,000E+0	0,000E+0
3,195E+3	0,000E+0	0,000E+0	0,000E+0	0,000E+0
3,225E+3	0,000E+0	0,000E+0	0,000E+0	0,000E+0
3,255E+3	0,000E+0	0,000E+0	0,000E+0	0,000E+0
3,285E+3	0,000E+0	0,000E+0	0,000E+0	0,000E+0
3,315E+3	0,000E+0	0,000E+0	0,000E+0	0,000E+0
3,345E+3	0,000E+0	0,000E+0	0,000E+0	0,000E+0
3,375E+3	0,000E+0	0,000E+0	0,000E+0	0,000E+0
3,405E+3	0,000E+0	0,000E+0	0,000E+0	0,000E+0
3,435E+3	0,000E+0	0,000E+0	0,000E+0	0,000E+0
3,465E+3	0,000E+0	0,000E+0	0,000E+0	0,000E+0
3,495E+3	0,000E+0	0,000E+0	0,000E+0	0,000E+0
3,525E+3	0,000E+0	0,000E+0	0,000E+0	0,000E+0
3,555E+3	0,000E+0	0,000E+0	0,000E+0	0,000E+0
3,585E+3	0,000E+0	0,000E+0	0,000E+0	0,000E+0
3,615E+3	0,000E+0	0,000E+0	0,000E+0	0,000E+0
3,645E+3	0,000E+0	0,000E+0	0,000E+0	0,000E+0
3,675E+3	0,000E+0	0,000E+0	0,000E+0	0,000E+0
3,705E+3	0,000E+0	0,000E+0	0,000E+0	0,000E+0
3,735E+3	0,000E+0	0,000E+0	0,000E+0	0,000E+0
3,765E+3	0,000E+0	0,000E+0	0,000E+0	0,000E+0
3,795E+3	0,000E+0	0,000E+0	0,000E+0	0,000E+0
3,825E+3	0,000E+0	0,000E+0	0,000E+0	0,000E+0
3,855E+3	0,000E+0	0,000E+0	0,000E+0	0,000E+0
3,885E+3	0,000E+0	0,000E+0	0,000E+0	0,000E+0
3,915E+3	0,000E+0	0,000E+0	0,000E+0	0,000E+0
3,945E+3	0,000E+0	0,000E+0	0,000E+0	0,000E+0
3,975E+3	0,000E+0	0,000E+0	0,000E+0	0,000E+0
4,005E+3	0,000E+0	0,000E+0	0,000E+0	0,000E+0
4,035E+3	0,000E+0	0,000E+0	0,000E+0	0,000E+0
4,065E+3	0,000E+0	0,000E+0	0,000E+0	0,000E+0
4,095E+3	0,000E+0	0,000E+0	0,000E+0	0,000E+0
4,125E+3	0,000E+0	0,000E+0	0,000E+0	0,000E+0
4,155E+3	0,000E+0	0,000E+0	0,000E+0	0,000E+0
4,185E+3	0,000E+0	0,000E+0	0,000E+0	0,000E+0
4,215E+3	0,000E+0	0,000E+0	0,000E+0	0,000E+0
4,245E+3	0,000E+0	0,000E+0	0,000E+0	0,000E+0
4,275E+3	0,000E+0	0,000E+0	0,000E+0	0,000E+0
4,305E+3	0,000E+0	0,000E+0	0,000E+0	0,000E+0
4,335E+3	0,000E+0	0,000E+0	0,000E+0	0,000E+0
4,365E+3	0,000E+0	0,000E+0	0,000E+0	0,000E+0
4,395E+3	0,000E+0	0,000E+0	0,000E+0	0,000E+0
4,425E+3	0,000E+0	0,000E+0	0,000E+0	0,000E+0
4,455E+3	0,000E+0	0,000E+0	0,000E+0	0,000E+0
4,485E+3	0,000E+0	0,000E+0	0,000E+0	0,000E+0
4,515E+3	0,000E+0	0,000E+0	0,000E+0	0,000E+0
4,545E+3	0,000E+0	0,000E+0	0,000E+0	0,000E+0
4,575E+3	0,000E+0	0,000E+0	0,000E+0	0,000E+0
4,605E+3	0,000E+0	0,000E+0	0,000E+0	0,000E+0
4,635E+3	0,000E+0	0,000E+0	0,000E+0	0,000E+0
4,665E+3	0,000E+0	0,000E+0	0,000E+0	0,000E+0
4,695E+3	0,000E+0	0,000E+0	0,000E+0	0,000E+0
4,725E+3	0,000E+0	0,000E+0	0,000E+0	0,000E+0
4,755E+3	0,000E+0	0,000E+0	0,000E+0	0,000E+0
4,785E+3	0,000E+0	0,000E+0	0,000E+0	0,000E+0
4,815E+3	0,000E+0	0,000E+0	0,000E+0	0,000E+0
4,845E+3	0,000E+0	0,000E+0	0,000E+0	0,000E+0
4,875E+3	0,000E+0	0,000E+0	0,000E+0	0,000E+0
4,905E+3	0,000E+0	0,000E+0	0,000E+0	0,000E+0
4,935E+3	0,000E+0	0,000E+0	0,000E+0	0,000E+0
4,965E+3	0,000E+0	0,000E+0	0,000E+0	0,000E+0
4,995E+3	0,000E+0	0,000E+0	0,000E+0	0,000E+0
5,025E+3	0,000E+0	0,000E+0	0,000E+0	0,000E+0
5,055E+3	0,000E+0	0,000E+0	0,000E+0	0,000E+0
5,085E+3	0,000E+0	0,000E+0	0,000E+0	0,000E+0
5,115E+3	0,000E+0	0,000E+0	0,000E+0	0,000E+0
5,145E+3	0,000E+0	0,000E+0	0,000E+0	0,000E+0
5,175E+3	0,000E+0	0,000E+0	0,000E+0	0,000E+0
5,205E+3	0,000E+0	0,000E+0	0,000E+0	0,000E+0
5,235E+3	0,000E+0	0,000E+0	0,000E+0	0,000E+0
5,265E+3	0,000E+0	0,000E+0	0,000E+0	0,000E+0
5,295E+3	0,000E+0	0,000E+0	0,000E+0	0,000E+0
5,325E+3	0,000E+0	0,000E+0	0,000E+0	0,000E+0
5,355E+3	0,000E+0	0,000E+0	0,000E+0	0,000E+0
5,385E+3	0,000E+0	0,000E+0	0,000E+0	0,000E+0
5,415E+3	0,000E+0	0,000E+0	0,000E+0	0,000E+0
5,445E+3	0,000E+0	0,000E+0	0,000E+0	0,000E+0
5,475E+3	0,000E+0	0,000E+0	0,000E+0	0,000E+0
5,505E+3	0,000E+0	0,000E+0	0,000E+0	0,000E+0
5,535E+3	0,000E+0	0,000E+0	0,000E+0	0,000E+0
5,565E+3	0,000E+0	0,000E+0	0,000E+0	0,000E+0
5,595E+3	0,000E+0	0,000E+0	0,000E+0	0,000E+0
5,625E+3	0,000E+0	0,000E+0	0,000E+0	0,000E+0
5,655E+3	0,000E+0	0,000E+0	0,000E+0	0,000E+0
5,685E+3	0,000E+0	0,000E+0	0,000E+0	0,000E+0
5,715E+3	0,000E+0	0,000E+0	0,000E+0	0,000E+0
5,745E+3	0,000E+0	0,000E+0	0,000E+0	0,000E+0
5,775E+3	0,000E+0	0,000E+0	0,000E+0	0,000E+0
5,805E+3	0,000E+0	0,000E+0	0,000E+0	0,000E+0
5,835E+3	0,000E+0	0,000E+0	0,000E+0	0,000E+0
5,865E+3	0,000E+0	0,000E+0	0,000E+0	0,000E+0
5,895E+3	0,000E+0	0,000E+0	0,000E+0	0,000E+0
5,925E+3	0,000E+0	0,000E+0	0,000E+0	0,000E+0
5,955E+3	0,000E+0	0,000E+0	0,000E+0	0,000E+0
5,985E+3	0,000E+0	0,000E+0	0,000E+0	0,000E+0
-1,000E+0	-1,000E+0	-1,000E+0	-1,000E+0	0,000E+0
4,683E+0	0,000E+0	0,000E+0	0,000E+0	0,000E+0
4,855E+0	0,000E+0	0,000E+0	0,000E+0	0,000E+0
5,033E+0	0,000E+0	0,000E+0	0,000E+0	0,000E+0
5,217E+0	0,000E+0	0,000E+0	0,000E+0	0,000E+0
5,408E+0	0,000E+0	0,000E+0	0,000E+0	0,000E+0
5,607E+0	0,000E+0	0,000E+0	0,000E+0	0,000E+0
5,812E+0	0,000E+0	0,000E+0	0,000E+0	0,000E+0
6,025E+0	0,000E+0	0,000E+0	0,000E+0	0,000E+0
6,246E+0	0,000E+0	0,000E+0	0,000E+0	0,000E+0
6,474E+0	0,000E+0	0,000E+0	0,000E+0	0,000E+0
6,712E+0	0,000E+0	0,000E+0	0,000E+0	0,000E+0
6,957E+0	0,000E+0	0,000E+0	0,000E+0	0,000E+0
7,212E+0	0,000E+0	0,000E+0	0,000E+0	0,000E+0
7,476E+0	0,000E+0	0,000E+0	0,000E+0	0,000E+0
7,750E+0	0,000E+0	0,000E+0	0,000E+0	0,000E+0
8,034E+0	0,000E+0	0,000E+0	0,000E+0	0,000E+0
8,329E+0	0,000E+0	0,000E+0	0,000E+0	0,000E+0
8,634E+0	0,000E+0	0,000E+0	0,000E+0	0,000E+0
8,950E+0	0,000E+0	0,000E+0	0,000E+0	0,000E+0
9,278E+0	0,000E+0	0,000E+0	0,000E+0	0,000E+0
9,618E+0	0,000E+0	0,000E+0	0,000E+0	0,000E+0
9,970E+0	0,000E+0	0,000E+0	0,000E+0	0,000E+0
1,034E+1	0,000E+0	0,000E+0	0,000E+0	0,000E+0
1,071E+1	0,000E+0	0,000E+0	0,000E+0	0,000E+0
1,111E+1	0,000E+0	0,000E+0	0,000E+0	0,000E+0
1,151E+1	0,000E+0	0,000E+0	0,000E+0	0,000E+0
1,193E+1	0,000E+0	0,000E+0	0,000E+0	0,000E+0
1,237E+1	0,000E+0	0,000E+0	0,000E+0	0,000E+0
1,283E+1	0,000E+0	0,000E+0	0,000E+0	0,000E+0
1,330E+1	0,000E+0	0,000E+0	0,000E+0	0,000E+0
1,378E+1	0,000E+0	0,000E+0	0,000E+0	0,000E+0
1,429E+1	0,000E+0	0,000E+0	0,000E+0	0,000E+0
1,481E+1	0,000E+0	0,000E+0	0,000E+0	0,000E+0
1,535E+1	0,000E+0	0,000E+0	0,000E+0	0,000E+0
1,592E+1	0,000E+0	0,000E+0	0,000E+0	0,000E+0
1,650E+1	0,000E+0	0,000E+0	0,000E+0	0,000E+0
1,710E+1	0,000E+0	0,000E+0	0,000E+0	0,000E+0
1,773E+1	0,000E+0	0,000E+0	0,000E+0	0,000E+0
1,838E+1	0,000E+0	0,000E+0	0,000E+0	0,000E+0
1,905E+1	0,000E+0	0,000E+0	0,000E+0	0,000E+0
1,975E+1	0,000E+0	0,000E+0	0,000E+0	0,000E+0
2,047E+1	0,000E+0	0,000E+0	0,000E+0	0,000E+0
2,122E+1	0,000E+0	0,000E+0	0,000E+0	0,000E+0
2,200E+1	0,000E+0	0,000E+0	0,000E+0	0,000E+0
2,281E+1	0,000E+0	0,000E+0	0,000E+0	0,000E+0
2,364E+1	0,000E+0	0,000E+0	0,000E+0	0,000E+0
2,451E+1	0,000E+0	0,000E+0	0,000E+0	0,000E+0
2,541E+1	0,000E+0	0,000E+0	0,000E+0	0,000E+0
2,634E+1	0,000E+0	0,000E+0	0,000E+0	0,000E+0
2,730E+1	0,000E+0	0,000E+0	0,000E+0	0,000E+0
2,830E+1	0,000E+0	0,000E+0	0,000E+0	0,000E+0
2,934E+1	0,000E+0	0,000E+0	0,000E+0	0,000E+0
3,041E+1	0,000E+0	0,000E+0	0,000E+0	0,000E+0
3,153E+1	0,000E+0	0,000E+0	0,000E+0	0,000E+0
3,268E+1	0,000E+0	0,000E+0	0,000E+0	0,000E+0
3,388E+1	0,000E+0	0,000E+0	0,000E+0	0,000E+0
3,512E+1	0,000E+0	0,000E+0	0,000E+0	0,000E+0
3,641E+1	0,000E+0	0,000E+0	0,000E+0	0,000E+0
3,774E+1	0,000E+0	0,000E+0	0,000E+0	0,000E+0
3,912E+1	0,000E+0	0,000E+0	0,000E+0	0,000E+0
4,056E+1	0,000E+0	0,000E+0	0,000E+0	0,000E+0
4,204E+1	0,000E+0	0,000E+0	0,000E+0	0,000E+0
4,358E+1	0,000E+0	0,000E+0	0,000E+0	0,000E+0
4,518E+1	0,000E+0	0,000E+0	0,000E+0	0,000E+0
4,683E+1	0,000E+0	0,000E+0	0,000E+0	0,000E+0
4,855E+1	0,000E+0	0,000E+0	0,000E+0	0,000E+0
5,033E+1	0,000E+0	0,000E+0	0,000E+0	0,000E+0
5,217E+1	0,000E+0	0,000E+0	0,000E+0	0,000E+0
5,408E+1	1,000E+0	6,113E+4	8,283E+4	2,297E+3
5,607E+1	0,000E+0	0,000E+0	0,000E+0	0,000E+0
5,812E+1	0,000E+0	0,000E+0	0,000E+0	0,000E+0
6,025E+1	0,000E+0	0,000E+0	0,000E+0	0,000E+0
6,246E+1	0,000E+0	0,000E+0	0,000E+0	0,000E+0
6,474E+1	0,000E+0	0,000E+0	0,000E+0	0,000E+0
6,712E+1	0,000E+0	0,000E+0	0,000E+0	0,000E+0
6,957E+1	2,000E+0	1,223E+5	3,527E+5	7,603E+3
7,212E+1	2,000E+0	1,223E+5	3,929E+5	8,171E+3
7,476E+1	1,000E+0	6,113E+4	2,188E+5	4,390E+3
7,750E+1	2,000E+0	1,223E+5	4,875E+5	9,435E+3
8,034E+1	2,000E+0	1,223E+5	5,431E+5	1,014E+4
8,329E+1	2,000E+0	1,223E+5	6,050E+5	1,090E+4
8,634E+1	2,000E+0	1,223E+5	6,739E+5	1,171E+4
8,950E+1	5,000E+0	3,057E+5	1,877E+6	3,146E+4
9,278E+1	7,000E+0	4,279E+5	2,927E+6	4,732E+4
9,618E+1	9,000E+0	5,502E+5	4,192E+6	6,538E+4
9,970E+1	3,000E+0	1,834E+5	1,557E+6	2,342E+4
1,034E+2	6,000E+0	3,668E+5	3,468E+6	5,034E+4
1,071E+2	3,000E+0	1,834E+5	1,932E+6	2,705E+4
1,111E+2	8,000E+0	4,891E+5	5,739E+6	7,750E+4
1,151E+2	1,100E+1	6,725E+5	8,790E+6	1,145E+5
1,193E+2	4,000E+0	2,445E+5	3,561E+6	4,475E+4
1,237E+2	1,600E+1	9,781E+5	1,587E+7	1,924E+5
1,283E+2	5,000E+0	3,057E+5	5,523E+6	6,460E+4
1,330E+2	1,300E+1	7,947E+5	1,600E+7	1,805E+5
1,378E+2	1,900E+1	1,162E+6	2,604E+7	2,835E+5
1,429E+2	7,000E+0	4,279E+5	1,069E+7	1,122E+5
1,481E+2	1,000E+1	6,113E+5	1,701E+7	1,723E+5
1,535E+2	1,600E+1	9,781E+5	3,032E+7	2,962E+5
1,592E+2	1,600E+1	9,781E+5	3,377E+7	3,183E+5
1,650E+2	1,400E+1	8,559E+5	3,292E+7	2,993E+5
1,710E+2	7,000E+0	4,279E+5	1,834E+7	1,608E+5
1,773E+2	1,000E+1	6,113E+5	2,918E+7	2,469E+5
1,838E+2	7,000E+0	4,279E+5	2,275E+7	1,857E+5
1,905E+2	7,000E+0	4,279E+5	2,535E+7	1,996E+5
1,975E+2	5,000E+0	3,057E+5	2,017E+7	1,532E+5
2,047E+2	8,000E+0	4,891E+5	3,595E+7	2,634E+5
2,122E+2	6,000E+0	3,668E+5	3,003E+7	2,123E+5
2,200E+2	2,000E+0	1,223E+5	1,115E+7	7,603E+4
2,281E+2	3,000E+0	1,834E+5	1,864E+7	1,226E+5
2,364E+2	4,000E+0	2,445E+5	2,768E+7	1,756E+5
2,451E+2	4,000E+0	2,445E+5	3,083E+7	1,887E+5
2,541E+2	1,000E+0	6,113E+4	8,587E+6	5,070E+4
2,634E+2	6,000E+0	3,668E+5	5,739E+7	3,269E+5
2,730E+2	1,000E+0	6,113E+4	1,066E+7	5,854E+4
2,830E+2	1,000E+0	6,113E+4	1,187E+7	6,291E+4
2,934E+2	1,000E+0	6,113E+4	1,322E+7	6,761E+4
3,041E+2	3,000E+0	1,834E+5	4,419E+7	2,179E+5
3,153E+2	0,000E+0	0,000E+0	0,000E+0	0,000E+0
3,268E+2	0,000E+0	0,000E+0	0,000E+0	0,000E+0
3,388E+2	1,000E+0	6,113E+4	2,036E+7	9,015E+4
3,512E+2	2,000E+0	1,223E+5	4,537E+7	1,938E+5
3,641E+2	1,000E+0	6,113E+4	2,527E+7	1,041E+5
3,774E+2	2,000E+0	1,223E+5	5,630E+7	2,237E+5
3,912E+2	0,000E+0	0,000E+0	0,000E+0	0,000E+0
4,056E+2	0,000E+0	0,000E+0	0,000E+0	0,000E+0
4,204E+2	1,000E+0	6,113E+4	3,891E+7	1,388E+5
4,358E+2	1,000E+0	6,113E+4	4,335E+7	1,492E+5
4,518E+2	0,000E+0	0,000E+0	0,000E+0	0,000E+0
4,683E+2	1,000E+0	6,113E+4	5,379E+7	1,723E+5
4,855E+2	1,000E+0	6,113E+4	5,992E+7	1,851E+5
5,033E+2	0,000E+0	0,000E+0	0,000E+0	0,000E+0
5,217E+2	0,000E+0	0,000E+0	0,000E+0	0,000E+0
5,408E+2	0,000E+0	0,000E+0	0,000E+0	0,000E+0
5,607E+2	0,000E+0	0,000E+0	0,000E+0	0,000E+0
5,812E+2	1,000E+0	6,113E+4	1,028E+8	2,653E+5
6,025E+2	0,000E+0	0,000E+0	0,000E+0	0,000E+0
6,246E+2	0,000E+0	0,000E+0	0,000E+0	0,000E+0
6,474E+2	0,000E+0	0,000E+0	0,000E+0	0,000E+0
6,712E+2	0,000E+0	0,000E+0	0,000E+0	0,000E+0
6,957E+2	0,000E+0	0,000E+0	0,000E+0	0,000E+0
7,212E+2	0,000E+0	0,000E+0	0,000E+0	0,000E+0
7,476E+2	0,000E+0	0,000E+0	0,000E+0	0,000E+0
7,750E+2	0,000E+0	0,000E+0	0,000E+0	0,000E+0
8,034E+2	0,000E+0	0,000E+0	0,000E+0	0,000E+0
8,329E+2	0,000E+0	0,000E+0	0,000E+0	0,000E+0
8,634E+2	0,000E+0	0,000E+0	0,000E+0	0,000E+0
8,950E+2	0,000E+0	0,000E+0	0,000E+0	0,000E+0
9,278E+2	0,000E+0	0,000E+0	0,000E+0	0,000E+0
9,618E+2	0,000E+0	0,000E+0	0,000E+0	0,000E+0
9,970E+2	0,000E+0	0,000E+0	0,000E+0	0,000E+0
1,034E+3	0,000E+0	0,000E+0	0,000E+0	0,000E+0
1,071E+3	0,000E+0	0,000E+0	0,000E+0	0,000E+0
1,111E+3	0,000E+0	0,000E+0	0,000E+0	0,000E+0
1,151E+3	0,000E+0	0,000E+0	0,000E+0	0,000E+0
1,193E+3	0,000E+0	0,000E+0	0,000E+0	0,000E+0
1,237E+3	0,000E+0	0,000E+0	0,000E+0	0,000E+0
1,283E+3	0,000E+0	0,000E+0	0,000E+0	0,000E+0
1,330E+3	0,000E+0	0,000E+0	0,000E+0	0,000E+0
1,378E+3	0,000E+0	0,000E+0	0,000E+0	0,000E+0
1,429E+3	0,000E+0	0,000E+0	0,000E+0	0,000E+0
1,481E+3	0,000E+0	0,000E+0	0,000E+0	0,000E+0
1,535E+3	0,000E+0	0,000E+0	0,000E+0	0,000E+0
1,592E+3	0,000E+0	0,000E+0	0,000E+0	0,000E+0
1,650E+3	0,000E+0	0,000E+0	0,000E+0	0,000E+0
1,710E+3	0,000E+0	0,000E+0	0,000E+0	0,000E+0
1,773E+3	0,000E+0	0,000E+0	0,000E+0	0,000E+0
1,838E+3	0,000E+0	0,000E+0	0,000E+0	0,000E+0
1,905E+3	0,000E+0	0,000E+0	0,000E+0	0,000E+0
1,975E+3	0,000E+0	0,000E+0	0,000E+0	0,000E+0
2,047E+3	0,000E+0	0,000E+0	0,000E+0	0,000E+0
2,122E+3	0,000E+0	0,000E+0	0,000E+0	0,000E+0
2,200E+3	0,000E+0	0,000E+0	0,000E+0	0,000E+0
2,281E+3	0,000E+0	0,000E+0	0,000E+0	0,000E+0
2,364E+3	0,000E+0	0,000E+0	0,000E+0	0,000E+0
2,451E+3	0,000E+0	0,000E+0	0,000E+0	0,000E+0
2,541E+3	0,000E+0	0,000E+0	0,000E+0	0,000E+0
2,634E+3	0,000E+0	0,000E+0	0,000E+0	0,000E+0
2,730E+3	0,000E+0	0,000E+0	0,000E+0	0,000E+0
2,830E+3	0,000E+0	0,000E+0	0,000E+0	0,000E+0
2,934E+3	0,000E+0	0,000E+0	0,000E+0	0,000E+0
3,041E+3	0,000E+0	0,000E+0	0,000E+0	0,000E+0
3,153E+3	0,000E+0	0,000E+0	0,000E+0	0,000E+0
3,268E+3	0,000E+0	0,000E+0	0,000E+0	0,000E+0
3,388E+3	0,000E+0	0,000E+0	0,000E+0	0,000E+0
3,512E+3	0,000E+0	0,000E+0	0,000E+0	0,000E+0
3,641E+3	0,000E+0	0,000E+0	0,000E+0	0,000E+0
3,774E+3	0,000E+0	0,000E+0	0,000E+0	0,000E+0
3,912E+3	0,000E+0	0,000E+0	0,000E+0	0,000E+0
4,056E+3	0,000E+0	0,000E+0	0,000E+0	0,000E+0
4,204E+3	0,000E+0	0,000E+0	0,000E+0	0,000E+0
4,358E+3	0,000E+0	0,000E+0	0,000E+0	0,000E+0
4,518E+3	0,000E+0	0,000E+0	0,000E+0	0,000E+0
4,683E+3	0,000E+0	0,000E+0	0,000E+0	0,000E+0
4,855E+3	0,000E+0	0,000E+0	0,000E+0	0,000E+0
5,033E+3	0,000E+0	0,000E+0	0,000E+0	0,000E+0
5,217E+3	0,000E+0	0,000E+0	0,000E+0	0,000E+0
5,408E+3	0,000E+0	0,000E+0	0,000E+0	0,000E+0
5,607E+3	0,000E+0	0,000E+0	0,000E+0	0,000E+0
5,812E+3	0,000E+0	0,000E+0	0,000E+0	0,000E+0
6,025E+3	0,000E+0	0,000E+0	0,000E+0	0,000E+0
