Original File:	C:\Users\pharmagal\Desktop\Arosio_Eduard\20230831_0019_14_size_405.avi	Section:	0,1 [0]
Operator:	pharmagal
Experiment:	20230831_0019
ZetaVIEW S/N:	18-359
Software:	ZetaView (version 8.05.12 SP1)	Analyze:	8.05.12 SP1
Sample:	14
Electrolyte:	diw
pH:	7,400000	entered
Conductivity:	15000,000000	sensed
Temperature:	29,520000	sensed
Viscosity:	0,807711
Date:	2023-08-31
Time:	17:36:27
General Remarks:	
Remarks:	
Sample Remarks0:	
Sample Remarks1:	
Sample Remarks2:
Scattering Intensity:	3,253086
Detected Particles:	207
Particle Drift Checked:	2023-08-31 16:31:23
Particle Drift Check Result:	OK
Cell Checked:	2023-08-31 14:42:34
Cell Check Result:	Very Good
Type of Measurement:	Size Distribution
Microscope Position:	0,100004
Number of Traces:	1502	(at 0,100000)	Average Number of Particles:	198,500000	Dilution::	100,000000
Image Evaluation:
Minimum Brightness:	30
Minimum Area:	10
Maximum Area:	1000
Maximum Brightness:	255
Tracking Radius2:	100
Minimum Tracelength:	30
Begin New Traces:	1
PSD log Correction:	0
Camera:	FpSec 60 #Cycles 2 FRate 30,000000
Gain:	9,600000
Offset:	0,000000
Shutter:	100,000000
Brightness:	NaN
Gamma:	NaN
Auto Exposure:	NaN
Camera Trigger Mode:	Camera Frequency
Camera Trigger Duration mus:	Shutter Duration
Camera Trigger Delay mus:	0
Laser Wavelength nm:	405,000000
Filter Wavelength nm:	Scatter
Position:	0,100004
actual Microscope:	-83264	(Pos	0,100004)
actual Laser:	-213188
Position0 Microscope:	-90692
Position0 Laser:	-223132
Position1 Microscope:	-16415
Position1 Laser:	-123695
Cell Thickness (Microscope Steps):	-74277
Cell Thickness (Laser Steps):	-99437
SL1 (Stationary Layer 1):	0,149500
SL2 (Stationary Layer 2):	0,850500
Cell parameter:
Cell#:	ZNTA
Micrometer per Pixel:	0,712000
Reference Electrode Distance:	5,150000
Voltage:	0,000000
Polarity:	1
Reference Voltage:	0,000000
Microscope Magnification:	x10
ZP Factor:	11,843934 (Smoluchowski)Results (Pos 0,100004):
Median Number (D50):	159,294479
Median Concentration (D50):	159,294479
Median Volume (D50):	514,073153
Size Distribution
Size / nm	Number	Concentration / cm-3	Volume / nm^3	Area / nm^2
1,500E+1	1,000E+0	6,213E+4	1,767E+3	1,767E+2
4,500E+1	1,200E+1	7,456E+5	5,726E+5	1,909E+4
7,500E+1	3,600E+1	2,237E+6	7,952E+6	1,590E+5
1,050E+2	1,430E+2	8,885E+6	8,668E+7	1,238E+6
1,350E+2	2,950E+2	1,833E+7	3,800E+8	4,223E+6
1,650E+2	3,260E+2	2,025E+7	7,668E+8	6,971E+6
1,950E+2	2,330E+2	1,448E+7	9,046E+8	6,958E+6
2,250E+2	1,400E+2	8,698E+6	8,350E+8	5,567E+6
2,550E+2	8,700E+1	5,405E+6	7,553E+8	4,443E+6
2,850E+2	4,600E+1	2,858E+6	5,576E+8	2,935E+6
3,150E+2	4,500E+1	2,796E+6	7,364E+8	3,507E+6
3,450E+2	2,000E+1	1,243E+6	4,300E+8	1,870E+6
3,750E+2	2,400E+1	1,491E+6	6,627E+8	2,651E+6
4,050E+2	1,500E+1	9,320E+5	5,217E+8	1,932E+6
4,350E+2	1,200E+1	7,456E+5	5,172E+8	1,783E+6
4,650E+2	1,600E+1	9,941E+5	8,423E+8	2,717E+6
4,950E+2	7,000E+0	4,349E+5	4,445E+8	1,347E+6
5,250E+2	7,000E+0	4,349E+5	5,304E+8	1,515E+6
5,550E+2	8,000E+0	4,970E+5	7,161E+8	1,935E+6
5,850E+2	3,000E+0	1,864E+5	3,145E+8	8,063E+5
6,150E+2	2,000E+0	1,243E+5	2,436E+8	5,941E+5
6,450E+2	8,000E+0	4,970E+5	1,124E+9	2,614E+6
6,750E+2	4,000E+0	2,485E+5	6,441E+8	1,431E+6
7,050E+2	3,000E+0	1,864E+5	5,504E+8	1,171E+6
7,350E+2	0,000E+0	0,000E+0	0,000E+0	0,000E+0
7,650E+2	3,000E+0	1,864E+5	7,032E+8	1,379E+6
7,950E+2	1,000E+0	6,213E+4	2,631E+8	4,964E+5
8,250E+2	0,000E+0	0,000E+0	0,000E+0	0,000E+0
8,550E+2	0,000E+0	0,000E+0	0,000E+0	0,000E+0
8,850E+2	1,000E+0	6,213E+4	3,629E+8	6,151E+5
9,150E+2	0,000E+0	0,000E+0	0,000E+0	0,000E+0
9,450E+2	1,000E+0	6,213E+4	4,419E+8	7,014E+5
9,750E+2	0,000E+0	0,000E+0	0,000E+0	0,000E+0
1,005E+3	0,000E+0	0,000E+0	0,000E+0	0,000E+0
1,035E+3	0,000E+0	0,000E+0	0,000E+0	0,000E+0
1,065E+3	0,000E+0	0,000E+0	0,000E+0	0,000E+0
1,095E+3	0,000E+0	0,000E+0	0,000E+0	0,000E+0
1,125E+3	1,000E+0	6,213E+4	7,455E+8	9,940E+5
1,155E+3	0,000E+0	0,000E+0	0,000E+0	0,000E+0
1,185E+3	1,000E+0	6,213E+4	8,713E+8	1,103E+6
1,215E+3	0,000E+0	0,000E+0	0,000E+0	0,000E+0
1,245E+3	0,000E+0	0,000E+0	0,000E+0	0,000E+0
1,275E+3	0,000E+0	0,000E+0	0,000E+0	0,000E+0
1,305E+3	0,000E+0	0,000E+0	0,000E+0	0,000E+0
1,335E+3	0,000E+0	0,000E+0	0,000E+0	0,000E+0
1,365E+3	0,000E+0	0,000E+0	0,000E+0	0,000E+0
1,395E+3	0,000E+0	0,000E+0	0,000E+0	0,000E+0
1,425E+3	0,000E+0	0,000E+0	0,000E+0	0,000E+0
1,455E+3	1,000E+0	6,213E+4	1,613E+9	1,663E+6
1,485E+3	0,000E+0	0,000E+0	0,000E+0	0,000E+0
1,515E+3	0,000E+0	0,000E+0	0,000E+0	0,000E+0
1,545E+3	0,000E+0	0,000E+0	0,000E+0	0,000E+0
1,575E+3	0,000E+0	0,000E+0	0,000E+0	0,000E+0
1,605E+3	0,000E+0	0,000E+0	0,000E+0	0,000E+0
1,635E+3	0,000E+0	0,000E+0	0,000E+0	0,000E+0
1,665E+3	0,000E+0	0,000E+0	0,000E+0	0,000E+0
1,695E+3	0,000E+0	0,000E+0	0,000E+0	0,000E+0
1,725E+3	0,000E+0	0,000E+0	0,000E+0	0,000E+0
1,755E+3	0,000E+0	0,000E+0	0,000E+0	0,000E+0
1,785E+3	0,000E+0	0,000E+0	0,000E+0	0,000E+0
1,815E+3	0,000E+0	0,000E+0	0,000E+0	0,000E+0
1,845E+3	0,000E+0	0,000E+0	0,000E+0	0,000E+0
1,875E+3	0,000E+0	0,000E+0	0,000E+0	0,000E+0
1,905E+3	0,000E+0	0,000E+0	0,000E+0	0,000E+0
1,935E+3	0,000E+0	0,000E+0	0,000E+0	0,000E+0
1,965E+3	0,000E+0	0,000E+0	0,000E+0	0,000E+0
1,995E+3	0,000E+0	0,000E+0	0,000E+0	0,000E+0
2,025E+3	0,000E+0	0,000E+0	0,000E+0	0,000E+0
2,055E+3	0,000E+0	0,000E+0	0,000E+0	0,000E+0
2,085E+3	0,000E+0	0,000E+0	0,000E+0	0,000E+0
2,115E+3	0,000E+0	0,000E+0	0,000E+0	0,000E+0
2,145E+3	0,000E+0	0,000E+0	0,000E+0	0,000E+0
2,175E+3	0,000E+0	0,000E+0	0,000E+0	0,000E+0
2,205E+3	0,000E+0	0,000E+0	0,000E+0	0,000E+0
2,235E+3	0,000E+0	0,000E+0	0,000E+0	0,000E+0
2,265E+3	0,000E+0	0,000E+0	0,000E+0	0,000E+0
2,295E+3	0,000E+0	0,000E+0	0,000E+0	0,000E+0
2,325E+3	0,000E+0	0,000E+0	0,000E+0	0,000E+0
2,355E+3	0,000E+0	0,000E+0	0,000E+0	0,000E+0
2,385E+3	0,000E+0	0,000E+0	0,000E+0	0,000E+0
2,415E+3	0,000E+0	0,000E+0	0,000E+0	0,000E+0
2,445E+3	0,000E+0	0,000E+0	0,000E+0	0,000E+0
2,475E+3	0,000E+0	0,000E+0	0,000E+0	0,000E+0
2,505E+3	0,000E+0	0,000E+0	0,000E+0	0,000E+0
2,535E+3	0,000E+0	0,000E+0	0,000E+0	0,000E+0
2,565E+3	0,000E+0	0,000E+0	0,000E+0	0,000E+0
2,595E+3	0,000E+0	0,000E+0	0,000E+0	0,000E+0
2,625E+3	0,000E+0	0,000E+0	0,000E+0	0,000E+0
2,655E+3	0,000E+0	0,000E+0	0,000E+0	0,000E+0
2,685E+3	0,000E+0	0,000E+0	0,000E+0	0,000E+0
2,715E+3	0,000E+0	0,000E+0	0,000E+0	0,000E+0
2,745E+3	0,000E+0	0,000E+0	0,000E+0	0,000E+0
2,775E+3	0,000E+0	0,000E+0	0,000E+0	0,000E+0
2,805E+3	0,000E+0	0,000E+0	0,000E+0	0,000E+0
2,835E+3	0,000E+0	0,000E+0	0,000E+0	0,000E+0
2,865E+3	0,000E+0	0,000E+0	0,000E+0	0,000E+0
2,895E+3	0,000E+0	0,000E+0	0,000E+0	0,000E+0
2,925E+3	0,000E+0	0,000E+0	0,000E+0	0,000E+0
2,955E+3	0,000E+0	0,000E+0	0,000E+0	0,000E+0
2,985E+3	0,000E+0	0,000E+0	0,000E+0	0,000E+0
3,015E+3	0,000E+0	0,000E+0	0,000E+0	0,000E+0
3,045E+3	0,000E+0	0,000E+0	0,000E+0	0,000E+0
3,075E+3	0,000E+0	0,000E+0	0,000E+0	0,000E+0
3,105E+3	0,000E+0	0,000E+0	0,000E+0	0,000E+0
3,135E+3	0,000E+0	0,000E+0	0,000E+0	0,000E+0
3,165E+3	0,000E+0	0,000E+0	0,000E+0	0,000E+0
3,195E+3	0,000E+0	0,000E+0	0,000E+0	0,000E+0
3,225E+3	0,000E+0	0,000E+0	0,000E+0	0,000E+0
3,255E+3	0,000E+0	0,000E+0	0,000E+0	0,000E+0
3,285E+3	0,000E+0	0,000E+0	0,000E+0	0,000E+0
3,315E+3	0,000E+0	0,000E+0	0,000E+0	0,000E+0
3,345E+3	0,000E+0	0,000E+0	0,000E+0	0,000E+0
3,375E+3	0,000E+0	0,000E+0	0,000E+0	0,000E+0
3,405E+3	0,000E+0	0,000E+0	0,000E+0	0,000E+0
3,435E+3	0,000E+0	0,000E+0	0,000E+0	0,000E+0
3,465E+3	0,000E+0	0,000E+0	0,000E+0	0,000E+0
3,495E+3	0,000E+0	0,000E+0	0,000E+0	0,000E+0
3,525E+3	0,000E+0	0,000E+0	0,000E+0	0,000E+0
3,555E+3	0,000E+0	0,000E+0	0,000E+0	0,000E+0
3,585E+3	0,000E+0	0,000E+0	0,000E+0	0,000E+0
3,615E+3	0,000E+0	0,000E+0	0,000E+0	0,000E+0
3,645E+3	0,000E+0	0,000E+0	0,000E+0	0,000E+0
3,675E+3	0,000E+0	0,000E+0	0,000E+0	0,000E+0
3,705E+3	0,000E+0	0,000E+0	0,000E+0	0,000E+0
3,735E+3	0,000E+0	0,000E+0	0,000E+0	0,000E+0
3,765E+3	0,000E+0	0,000E+0	0,000E+0	0,000E+0
3,795E+3	0,000E+0	0,000E+0	0,000E+0	0,000E+0
3,825E+3	0,000E+0	0,000E+0	0,000E+0	0,000E+0
3,855E+3	0,000E+0	0,000E+0	0,000E+0	0,000E+0
3,885E+3	0,000E+0	0,000E+0	0,000E+0	0,000E+0
3,915E+3	0,000E+0	0,000E+0	0,000E+0	0,000E+0
3,945E+3	0,000E+0	0,000E+0	0,000E+0	0,000E+0
3,975E+3	0,000E+0	0,000E+0	0,000E+0	0,000E+0
4,005E+3	0,000E+0	0,000E+0	0,000E+0	0,000E+0
4,035E+3	0,000E+0	0,000E+0	0,000E+0	0,000E+0
4,065E+3	0,000E+0	0,000E+0	0,000E+0	0,000E+0
4,095E+3	0,000E+0	0,000E+0	0,000E+0	0,000E+0
4,125E+3	0,000E+0	0,000E+0	0,000E+0	0,000E+0
4,155E+3	0,000E+0	0,000E+0	0,000E+0	0,000E+0
4,185E+3	0,000E+0	0,000E+0	0,000E+0	0,000E+0
4,215E+3	0,000E+0	0,000E+0	0,000E+0	0,000E+0
4,245E+3	0,000E+0	0,000E+0	0,000E+0	0,000E+0
4,275E+3	0,000E+0	0,000E+0	0,000E+0	0,000E+0
4,305E+3	0,000E+0	0,000E+0	0,000E+0	0,000E+0
4,335E+3	0,000E+0	0,000E+0	0,000E+0	0,000E+0
4,365E+3	0,000E+0	0,000E+0	0,000E+0	0,000E+0
4,395E+3	0,000E+0	0,000E+0	0,000E+0	0,000E+0
4,425E+3	0,000E+0	0,000E+0	0,000E+0	0,000E+0
4,455E+3	0,000E+0	0,000E+0	0,000E+0	0,000E+0
4,485E+3	0,000E+0	0,000E+0	0,000E+0	0,000E+0
4,515E+3	0,000E+0	0,000E+0	0,000E+0	0,000E+0
4,545E+3	0,000E+0	0,000E+0	0,000E+0	0,000E+0
4,575E+3	0,000E+0	0,000E+0	0,000E+0	0,000E+0
4,605E+3	0,000E+0	0,000E+0	0,000E+0	0,000E+0
4,635E+3	0,000E+0	0,000E+0	0,000E+0	0,000E+0
4,665E+3	0,000E+0	0,000E+0	0,000E+0	0,000E+0
4,695E+3	0,000E+0	0,000E+0	0,000E+0	0,000E+0
4,725E+3	0,000E+0	0,000E+0	0,000E+0	0,000E+0
4,755E+3	0,000E+0	0,000E+0	0,000E+0	0,000E+0
4,785E+3	0,000E+0	0,000E+0	0,000E+0	0,000E+0
4,815E+3	0,000E+0	0,000E+0	0,000E+0	0,000E+0
4,845E+3	0,000E+0	0,000E+0	0,000E+0	0,000E+0
4,875E+3	0,000E+0	0,000E+0	0,000E+0	0,000E+0
4,905E+3	0,000E+0	0,000E+0	0,000E+0	0,000E+0
4,935E+3	0,000E+0	0,000E+0	0,000E+0	0,000E+0
4,965E+3	0,000E+0	0,000E+0	0,000E+0	0,000E+0
4,995E+3	0,000E+0	0,000E+0	0,000E+0	0,000E+0
5,025E+3	0,000E+0	0,000E+0	0,000E+0	0,000E+0
5,055E+3	0,000E+0	0,000E+0	0,000E+0	0,000E+0
5,085E+3	0,000E+0	0,000E+0	0,000E+0	0,000E+0
5,115E+3	0,000E+0	0,000E+0	0,000E+0	0,000E+0
5,145E+3	0,000E+0	0,000E+0	0,000E+0	0,000E+0
5,175E+3	0,000E+0	0,000E+0	0,000E+0	0,000E+0
5,205E+3	0,000E+0	0,000E+0	0,000E+0	0,000E+0
5,235E+3	0,000E+0	0,000E+0	0,000E+0	0,000E+0
5,265E+3	0,000E+0	0,000E+0	0,000E+0	0,000E+0
5,295E+3	0,000E+0	0,000E+0	0,000E+0	0,000E+0
5,325E+3	0,000E+0	0,000E+0	0,000E+0	0,000E+0
5,355E+3	0,000E+0	0,000E+0	0,000E+0	0,000E+0
5,385E+3	0,000E+0	0,000E+0	0,000E+0	0,000E+0
5,415E+3	0,000E+0	0,000E+0	0,000E+0	0,000E+0
5,445E+3	0,000E+0	0,000E+0	0,000E+0	0,000E+0
5,475E+3	0,000E+0	0,000E+0	0,000E+0	0,000E+0
5,505E+3	0,000E+0	0,000E+0	0,000E+0	0,000E+0
5,535E+3	0,000E+0	0,000E+0	0,000E+0	0,000E+0
5,565E+3	0,000E+0	0,000E+0	0,000E+0	0,000E+0
5,595E+3	0,000E+0	0,000E+0	0,000E+0	0,000E+0
5,625E+3	0,000E+0	0,000E+0	0,000E+0	0,000E+0
5,655E+3	0,000E+0	0,000E+0	0,000E+0	0,000E+0
5,685E+3	0,000E+0	0,000E+0	0,000E+0	0,000E+0
5,715E+3	0,000E+0	0,000E+0	0,000E+0	0,000E+0
5,745E+3	0,000E+0	0,000E+0	0,000E+0	0,000E+0
5,775E+3	0,000E+0	0,000E+0	0,000E+0	0,000E+0
5,805E+3	0,000E+0	0,000E+0	0,000E+0	0,000E+0
5,835E+3	0,000E+0	0,000E+0	0,000E+0	0,000E+0
5,865E+3	0,000E+0	0,000E+0	0,000E+0	0,000E+0
5,895E+3	0,000E+0	0,000E+0	0,000E+0	0,000E+0
5,925E+3	0,000E+0	0,000E+0	0,000E+0	0,000E+0
5,955E+3	0,000E+0	0,000E+0	0,000E+0	0,000E+0
5,985E+3	0,000E+0	0,000E+0	0,000E+0	0,000E+0
-1,000E+0	-1,000E+0	-1,000E+0	-1,000E+0	0,000E+0
4,683E+0	0,000E+0	0,000E+0	0,000E+0	0,000E+0
4,855E+0	0,000E+0	0,000E+0	0,000E+0	0,000E+0
5,033E+0	0,000E+0	0,000E+0	0,000E+0	0,000E+0
5,217E+0	0,000E+0	0,000E+0	0,000E+0	0,000E+0
5,408E+0	0,000E+0	0,000E+0	0,000E+0	0,000E+0
5,607E+0	0,000E+0	0,000E+0	0,000E+0	0,000E+0
5,812E+0	0,000E+0	0,000E+0	0,000E+0	0,000E+0
6,025E+0	0,000E+0	0,000E+0	0,000E+0	0,000E+0
6,246E+0	0,000E+0	0,000E+0	0,000E+0	0,000E+0
6,474E+0	0,000E+0	0,000E+0	0,000E+0	0,000E+0
6,712E+0	0,000E+0	0,000E+0	0,000E+0	0,000E+0
6,957E+0	0,000E+0	0,000E+0	0,000E+0	0,000E+0
7,212E+0	0,000E+0	0,000E+0	0,000E+0	0,000E+0
7,476E+0	0,000E+0	0,000E+0	0,000E+0	0,000E+0
7,750E+0	0,000E+0	0,000E+0	0,000E+0	0,000E+0
8,034E+0	0,000E+0	0,000E+0	0,000E+0	0,000E+0
8,329E+0	0,000E+0	0,000E+0	0,000E+0	0,000E+0
8,634E+0	0,000E+0	0,000E+0	0,000E+0	0,000E+0
8,950E+0	0,000E+0	0,000E+0	0,000E+0	0,000E+0
9,278E+0	0,000E+0	0,000E+0	0,000E+0	0,000E+0
9,618E+0	0,000E+0	0,000E+0	0,000E+0	0,000E+0
9,970E+0	0,000E+0	0,000E+0	0,000E+0	0,000E+0
1,034E+1	0,000E+0	0,000E+0	0,000E+0	0,000E+0
1,071E+1	0,000E+0	0,000E+0	0,000E+0	0,000E+0
1,111E+1	0,000E+0	0,000E+0	0,000E+0	0,000E+0
1,151E+1	0,000E+0	0,000E+0	0,000E+0	0,000E+0
1,193E+1	0,000E+0	0,000E+0	0,000E+0	0,000E+0
1,237E+1	0,000E+0	0,000E+0	0,000E+0	0,000E+0
1,283E+1	0,000E+0	0,000E+0	0,000E+0	0,000E+0
1,330E+1	0,000E+0	0,000E+0	0,000E+0	0,000E+0
1,378E+1	0,000E+0	0,000E+0	0,000E+0	0,000E+0
1,429E+1	0,000E+0	0,000E+0	0,000E+0	0,000E+0
1,481E+1	0,000E+0	0,000E+0	0,000E+0	0,000E+0
1,535E+1	0,000E+0	0,000E+0	0,000E+0	0,000E+0
1,592E+1	0,000E+0	0,000E+0	0,000E+0	0,000E+0
1,650E+1	0,000E+0	0,000E+0	0,000E+0	0,000E+0
1,710E+1	0,000E+0	0,000E+0	0,000E+0	0,000E+0
1,773E+1	0,000E+0	0,000E+0	0,000E+0	0,000E+0
1,838E+1	0,000E+0	0,000E+0	0,000E+0	0,000E+0
1,905E+1	0,000E+0	0,000E+0	0,000E+0	0,000E+0
1,975E+1	0,000E+0	0,000E+0	0,000E+0	0,000E+0
2,047E+1	0,000E+0	0,000E+0	0,000E+0	0,000E+0
2,122E+1	0,000E+0	0,000E+0	0,000E+0	0,000E+0
2,200E+1	0,000E+0	0,000E+0	0,000E+0	0,000E+0
2,281E+1	0,000E+0	0,000E+0	0,000E+0	0,000E+0
2,364E+1	0,000E+0	0,000E+0	0,000E+0	0,000E+0
2,451E+1	0,000E+0	0,000E+0	0,000E+0	0,000E+0
2,541E+1	0,000E+0	0,000E+0	0,000E+0	0,000E+0
2,634E+1	1,000E+0	6,213E+4	9,566E+3	5,448E+2
2,730E+1	0,000E+0	0,000E+0	0,000E+0	0,000E+0
2,830E+1	0,000E+0	0,000E+0	0,000E+0	0,000E+0
2,934E+1	0,000E+0	0,000E+0	0,000E+0	0,000E+0
3,041E+1	0,000E+0	0,000E+0	0,000E+0	0,000E+0
3,153E+1	1,000E+0	6,213E+4	1,641E+4	7,807E+2
3,268E+1	0,000E+0	0,000E+0	0,000E+0	0,000E+0
3,388E+1	0,000E+0	0,000E+0	0,000E+0	0,000E+0
3,512E+1	0,000E+0	0,000E+0	0,000E+0	0,000E+0
3,641E+1	1,000E+0	6,213E+4	2,527E+4	1,041E+3
3,774E+1	0,000E+0	0,000E+0	0,000E+0	0,000E+0
3,912E+1	0,000E+0	0,000E+0	0,000E+0	0,000E+0
4,056E+1	2,000E+0	1,243E+5	6,986E+4	2,584E+3
4,204E+1	0,000E+0	0,000E+0	0,000E+0	0,000E+0
4,358E+1	0,000E+0	0,000E+0	0,000E+0	0,000E+0
4,518E+1	1,000E+0	6,213E+4	4,829E+4	1,603E+3
4,683E+1	0,000E+0	0,000E+0	0,000E+0	0,000E+0
4,855E+1	3,000E+0	1,864E+5	1,798E+5	5,554E+3
5,033E+1	1,000E+0	6,213E+4	6,675E+4	1,989E+3
5,217E+1	0,000E+0	0,000E+0	0,000E+0	0,000E+0
5,408E+1	1,000E+0	6,213E+4	8,283E+4	2,297E+3
5,607E+1	1,000E+0	6,213E+4	9,228E+4	2,469E+3
5,812E+1	1,000E+0	6,213E+4	1,028E+5	2,653E+3
6,025E+1	1,000E+0	6,213E+4	1,145E+5	2,851E+3
6,246E+1	3,000E+0	1,864E+5	3,827E+5	9,191E+3
6,474E+1	2,000E+0	1,243E+5	2,842E+5	6,584E+3
6,712E+1	1,000E+0	6,213E+4	1,583E+5	3,538E+3
6,957E+1	0,000E+0	0,000E+0	0,000E+0	0,000E+0
7,212E+1	2,000E+0	1,243E+5	3,929E+5	8,171E+3
7,476E+1	3,000E+0	1,864E+5	6,565E+5	1,317E+4
7,750E+1	3,000E+0	1,864E+5	7,313E+5	1,415E+4
8,034E+1	2,000E+0	1,243E+5	5,431E+5	1,014E+4
8,329E+1	4,000E+0	2,485E+5	1,210E+6	2,179E+4
8,634E+1	1,100E+1	6,834E+5	3,707E+6	6,440E+4
8,950E+1	6,000E+0	3,728E+5	2,252E+6	3,775E+4
9,278E+1	8,000E+0	4,970E+5	3,345E+6	5,408E+4
9,618E+1	1,100E+1	6,834E+5	5,124E+6	7,991E+4
9,970E+1	7,000E+0	4,349E+5	3,632E+6	5,465E+4
1,034E+2	1,700E+1	1,056E+6	9,827E+6	1,426E+5
1,071E+2	1,800E+1	1,118E+6	1,159E+7	1,623E+5
1,111E+2	2,600E+1	1,615E+6	1,865E+7	2,519E+5
1,151E+2	3,000E+1	1,864E+6	2,397E+7	3,123E+5
1,193E+2	3,500E+1	2,175E+6	3,115E+7	3,916E+5
1,237E+2	3,400E+1	2,112E+6	3,371E+7	4,088E+5
1,283E+2	5,300E+1	3,293E+6	5,854E+7	6,847E+5
1,330E+2	4,500E+1	2,796E+6	5,537E+7	6,247E+5
1,378E+2	5,600E+1	3,479E+6	7,676E+7	8,354E+5
1,429E+2	4,400E+1	2,734E+6	6,719E+7	7,054E+5
1,481E+2	6,000E+1	3,728E+6	1,021E+8	1,034E+6
1,535E+2	7,000E+1	4,349E+6	1,326E+8	1,296E+6
1,592E+2	6,700E+1	4,163E+6	1,414E+8	1,333E+6
1,650E+2	7,500E+1	4,660E+6	1,764E+8	1,603E+6
1,710E+2	5,500E+1	3,417E+6	1,441E+8	1,264E+6
1,773E+2	5,300E+1	3,293E+6	1,547E+8	1,308E+6
1,838E+2	5,800E+1	3,604E+6	1,885E+8	1,539E+6
1,905E+2	5,000E+1	3,107E+6	1,811E+8	1,425E+6
1,975E+2	6,100E+1	3,790E+6	2,461E+8	1,869E+6
2,047E+2	4,900E+1	3,044E+6	2,202E+8	1,613E+6
2,122E+2	4,600E+1	2,858E+6	2,303E+8	1,627E+6
2,200E+2	3,800E+1	2,361E+6	2,119E+8	1,445E+6
2,281E+2	3,600E+1	2,237E+6	2,236E+8	1,471E+6
2,364E+2	3,500E+1	2,175E+6	2,422E+8	1,537E+6
2,451E+2	2,500E+1	1,553E+6	1,927E+8	1,179E+6
2,541E+2	3,000E+1	1,864E+6	2,576E+8	1,521E+6
2,634E+2	2,500E+1	1,553E+6	2,391E+8	1,362E+6
2,730E+2	1,200E+1	7,456E+5	1,279E+8	7,025E+5
2,830E+2	1,800E+1	1,118E+6	2,137E+8	1,132E+6
2,934E+2	2,000E+1	1,243E+6	2,645E+8	1,352E+6
3,041E+2	1,600E+1	9,941E+5	2,357E+8	1,162E+6
3,153E+2	1,700E+1	1,056E+6	2,790E+8	1,327E+6
3,268E+2	1,400E+1	8,698E+5	2,559E+8	1,175E+6
3,388E+2	9,000E+0	5,592E+5	1,833E+8	8,114E+5
3,512E+2	8,000E+0	4,970E+5	1,815E+8	7,750E+5
3,641E+2	1,300E+1	8,077E+5	3,285E+8	1,353E+6
3,774E+2	8,000E+0	4,970E+5	2,252E+8	8,950E+5
3,912E+2	6,000E+0	3,728E+5	1,881E+8	7,213E+5
4,056E+2	9,000E+0	5,592E+5	3,144E+8	1,163E+6
4,204E+2	9,000E+0	5,592E+5	3,502E+8	1,249E+6
4,358E+2	6,000E+0	3,728E+5	2,601E+8	8,951E+5
4,518E+2	8,000E+0	4,970E+5	3,863E+8	1,283E+6
4,683E+2	9,000E+0	5,592E+5	4,841E+8	1,551E+6
4,855E+2	6,000E+0	3,728E+5	3,595E+8	1,111E+6
5,033E+2	2,000E+0	1,243E+5	1,335E+8	3,979E+5
5,217E+2	4,000E+0	2,485E+5	2,974E+8	8,551E+5
5,408E+2	8,000E+0	4,970E+5	6,627E+8	1,838E+6
5,607E+2	3,000E+0	1,864E+5	2,768E+8	7,406E+5
5,812E+2	1,000E+0	6,213E+4	1,028E+8	2,653E+5
6,025E+2	4,000E+0	2,485E+5	4,580E+8	1,140E+6
6,246E+2	1,000E+0	6,213E+4	1,276E+8	3,064E+5
6,474E+2	7,000E+0	4,349E+5	9,947E+8	2,305E+6
6,712E+2	4,000E+0	2,485E+5	6,332E+8	1,415E+6
6,957E+2	0,000E+0	0,000E+0	0,000E+0	0,000E+0
7,212E+2	3,000E+0	1,864E+5	5,893E+8	1,226E+6
7,476E+2	1,000E+0	6,213E+4	2,188E+8	4,390E+5
7,750E+2	3,000E+0	1,864E+5	7,313E+8	1,415E+6
8,034E+2	0,000E+0	0,000E+0	0,000E+0	0,000E+0
8,329E+2	0,000E+0	0,000E+0	0,000E+0	0,000E+0
8,634E+2	0,000E+0	0,000E+0	0,000E+0	0,000E+0
8,950E+2	1,000E+0	6,213E+4	3,754E+8	6,291E+5
9,278E+2	1,000E+0	6,213E+4	4,182E+8	6,761E+5
9,618E+2	0,000E+0	0,000E+0	0,000E+0	0,000E+0
9,970E+2	0,000E+0	0,000E+0	0,000E+0	0,000E+0
1,034E+3	0,000E+0	0,000E+0	0,000E+0	0,000E+0
1,071E+3	0,000E+0	0,000E+0	0,000E+0	0,000E+0
1,111E+3	0,000E+0	0,000E+0	0,000E+0	0,000E+0
1,151E+3	1,000E+0	6,213E+4	7,991E+8	1,041E+6
1,193E+3	1,000E+0	6,213E+4	8,901E+8	1,119E+6
1,237E+3	0,000E+0	0,000E+0	0,000E+0	0,000E+0
1,283E+3	0,000E+0	0,000E+0	0,000E+0	0,000E+0
1,330E+3	0,000E+0	0,000E+0	0,000E+0	0,000E+0
1,378E+3	0,000E+0	0,000E+0	0,000E+0	0,000E+0
1,429E+3	1,000E+0	6,213E+4	1,527E+9	1,603E+6
1,481E+3	0,000E+0	0,000E+0	0,000E+0	0,000E+0
1,535E+3	0,000E+0	0,000E+0	0,000E+0	0,000E+0
1,592E+3	0,000E+0	0,000E+0	0,000E+0	0,000E+0
1,650E+3	0,000E+0	0,000E+0	0,000E+0	0,000E+0
1,710E+3	0,000E+0	0,000E+0	0,000E+0	0,000E+0
1,773E+3	0,000E+0	0,000E+0	0,000E+0	0,000E+0
1,838E+3	0,000E+0	0,000E+0	0,000E+0	0,000E+0
1,905E+3	0,000E+0	0,000E+0	0,000E+0	0,000E+0
1,975E+3	0,000E+0	0,000E+0	0,000E+0	0,000E+0
2,047E+3	0,000E+0	0,000E+0	0,000E+0	0,000E+0
2,122E+3	0,000E+0	0,000E+0	0,000E+0	0,000E+0
2,200E+3	0,000E+0	0,000E+0	0,000E+0	0,000E+0
2,281E+3	0,000E+0	0,000E+0	0,000E+0	0,000E+0
2,364E+3	0,000E+0	0,000E+0	0,000E+0	0,000E+0
2,451E+3	0,000E+0	0,000E+0	0,000E+0	0,000E+0
2,541E+3	0,000E+0	0,000E+0	0,000E+0	0,000E+0
2,634E+3	0,000E+0	0,000E+0	0,000E+0	0,000E+0
2,730E+3	0,000E+0	0,000E+0	0,000E+0	0,000E+0
2,830E+3	0,000E+0	0,000E+0	0,000E+0	0,000E+0
2,934E+3	0,000E+0	0,000E+0	0,000E+0	0,000E+0
3,041E+3	0,000E+0	0,000E+0	0,000E+0	0,000E+0
3,153E+3	0,000E+0	0,000E+0	0,000E+0	0,000E+0
3,268E+3	0,000E+0	0,000E+0	0,000E+0	0,000E+0
3,388E+3	0,000E+0	0,000E+0	0,000E+0	0,000E+0
3,512E+3	0,000E+0	0,000E+0	0,000E+0	0,000E+0
3,641E+3	0,000E+0	0,000E+0	0,000E+0	0,000E+0
3,774E+3	0,000E+0	0,000E+0	0,000E+0	0,000E+0
3,912E+3	0,000E+0	0,000E+0	0,000E+0	0,000E+0
4,056E+3	0,000E+0	0,000E+0	0,000E+0	0,000E+0
4,204E+3	0,000E+0	0,000E+0	0,000E+0	0,000E+0
4,358E+3	0,000E+0	0,000E+0	0,000E+0	0,000E+0
4,518E+3	0,000E+0	0,000E+0	0,000E+0	0,000E+0
4,683E+3	0,000E+0	0,000E+0	0,000E+0	0,000E+0
4,855E+3	0,000E+0	0,000E+0	0,000E+0	0,000E+0
5,033E+3	0,000E+0	0,000E+0	0,000E+0	0,000E+0
5,217E+3	0,000E+0	0,000E+0	0,000E+0	0,000E+0
5,408E+3	0,000E+0	0,000E+0	0,000E+0	0,000E+0
5,607E+3	0,000E+0	0,000E+0	0,000E+0	0,000E+0
5,812E+3	0,000E+0	0,000E+0	0,000E+0	0,000E+0
6,025E+3	0,000E+0	0,000E+0	0,000E+0	0,000E+0
