Original File:	C:\Users\pharmagal\Desktop\Arosio_Eduard\20230831_0021_15_size_405.avi	Section:	0,1 [0]
Operator:	pharmagal
Experiment:	20230831_0021
ZetaVIEW S/N:	18-359
Software:	ZetaView (version 8.05.12 SP1)	Analyze:	8.05.12 SP1
Sample:	15
Electrolyte:	diw
pH:	7,400000	entered
Conductivity:	15000,000000	sensed
Temperature:	30,220000	sensed
Viscosity:	0,794810
Date:	2023-08-31
Time:	17:54:02
General Remarks:	
Remarks:	
Sample Remarks0:	
Sample Remarks1:	
Sample Remarks2:
Scattering Intensity:	1,605872
Detected Particles:	117
Particle Drift Checked:	2023-08-31 16:31:23
Particle Drift Check Result:	OK
Cell Checked:	2023-08-31 14:42:34
Cell Check Result:	Very Good
Type of Measurement:	Size Distribution
Microscope Position:	0,100004
Number of Traces:	867	(at 0,100000)	Average Number of Particles:	159,166667	Dilution::	1000,000000
Image Evaluation:
Minimum Brightness:	30
Minimum Area:	10
Maximum Area:	1000
Maximum Brightness:	255
Tracking Radius2:	100
Minimum Tracelength:	30
Begin New Traces:	1
PSD log Correction:	0
Camera:	FpSec 60 #Cycles 2 FRate 30,000000
Gain:	0,000000
Offset:	0,000000
Shutter:	100,000000
Brightness:	NaN
Gamma:	NaN
Auto Exposure:	NaN
Camera Trigger Mode:	Camera Frequency
Camera Trigger Duration mus:	Shutter Duration
Camera Trigger Delay mus:	0
Laser Wavelength nm:	405,000000
Filter Wavelength nm:	Scatter
Position:	0,100004
actual Microscope:	-83264	(Pos	0,100004)
actual Laser:	-213188
Position0 Microscope:	-90692
Position0 Laser:	-223132
Position1 Microscope:	-16415
Position1 Laser:	-123695
Cell Thickness (Microscope Steps):	-74277
Cell Thickness (Laser Steps):	-99437
SL1 (Stationary Layer 1):	0,149500
SL2 (Stationary Layer 2):	0,850500
Cell parameter:
Cell#:	ZNTA
Micrometer per Pixel:	0,712000
Reference Electrode Distance:	5,150000
Voltage:	0,000000
Polarity:	1
Reference Voltage:	0,000000
Microscope Magnification:	x10
ZP Factor:	11,709626 (Smoluchowski)Results (Pos 0,100004):
Median Number (D50):	185,032895
Median Concentration (D50):	185,032895
Median Volume (D50):	654,647449
Size Distribution
Size / nm	Number	Concentration / cm-3	Volume / nm^3	Area / nm^2
1,500E+1	0,000E+0	0,000E+0	0,000E+0	0,000E+0
4,500E+1	1,000E+0	8,631E+4	4,771E+4	1,590E+3
7,500E+1	1,200E+1	1,036E+6	2,651E+6	5,301E+4
1,050E+2	3,800E+1	3,280E+6	2,303E+7	3,290E+5
1,350E+2	1,130E+2	9,753E+6	1,456E+8	1,617E+6
1,650E+2	1,680E+2	1,450E+7	3,951E+8	3,592E+6
1,950E+2	1,520E+2	1,312E+7	5,901E+8	4,539E+6
2,250E+2	1,070E+2	9,235E+6	6,382E+8	4,254E+6
2,550E+2	6,800E+1	5,869E+6	5,904E+8	3,473E+6
2,850E+2	4,400E+1	3,798E+6	5,333E+8	2,807E+6
3,150E+2	2,500E+1	2,158E+6	4,091E+8	1,948E+6
3,450E+2	2,500E+1	2,158E+6	5,375E+8	2,337E+6
3,750E+2	1,700E+1	1,467E+6	4,694E+8	1,878E+6
4,050E+2	1,800E+1	1,554E+6	6,261E+8	2,319E+6
4,350E+2	1,800E+1	1,554E+6	7,758E+8	2,675E+6
4,650E+2	1,000E+1	8,631E+5	5,265E+8	1,698E+6
4,950E+2	9,000E+0	7,768E+5	5,716E+8	1,732E+6
5,250E+2	8,000E+0	6,905E+5	6,061E+8	1,732E+6
5,550E+2	4,000E+0	3,452E+5	3,580E+8	9,677E+5
5,850E+2	4,000E+0	3,452E+5	4,193E+8	1,075E+6
6,150E+2	8,000E+0	6,905E+5	9,743E+8	2,376E+6
6,450E+2	2,000E+0	1,726E+5	2,810E+8	6,535E+5
6,750E+2	4,000E+0	3,452E+5	6,441E+8	1,431E+6
7,050E+2	4,000E+0	3,452E+5	7,339E+8	1,561E+6
7,350E+2	1,000E+0	8,631E+4	2,079E+8	4,243E+5
7,650E+2	0,000E+0	0,000E+0	0,000E+0	0,000E+0
7,950E+2	0,000E+0	0,000E+0	0,000E+0	0,000E+0
8,250E+2	1,000E+0	8,631E+4	2,940E+8	5,346E+5
8,550E+2	0,000E+0	0,000E+0	0,000E+0	0,000E+0
8,850E+2	1,000E+0	8,631E+4	3,629E+8	6,151E+5
9,150E+2	0,000E+0	0,000E+0	0,000E+0	0,000E+0
9,450E+2	1,000E+0	8,631E+4	4,419E+8	7,014E+5
9,750E+2	0,000E+0	0,000E+0	0,000E+0	0,000E+0
1,005E+3	1,000E+0	8,631E+4	5,315E+8	7,933E+5
1,035E+3	0,000E+0	0,000E+0	0,000E+0	0,000E+0
1,065E+3	1,000E+0	8,631E+4	6,325E+8	8,908E+5
1,095E+3	0,000E+0	0,000E+0	0,000E+0	0,000E+0
1,125E+3	0,000E+0	0,000E+0	0,000E+0	0,000E+0
1,155E+3	0,000E+0	0,000E+0	0,000E+0	0,000E+0
1,185E+3	1,000E+0	8,631E+4	8,713E+8	1,103E+6
1,215E+3	0,000E+0	0,000E+0	0,000E+0	0,000E+0
1,245E+3	0,000E+0	0,000E+0	0,000E+0	0,000E+0
1,275E+3	0,000E+0	0,000E+0	0,000E+0	0,000E+0
1,305E+3	0,000E+0	0,000E+0	0,000E+0	0,000E+0
1,335E+3	0,000E+0	0,000E+0	0,000E+0	0,000E+0
1,365E+3	0,000E+0	0,000E+0	0,000E+0	0,000E+0
1,395E+3	0,000E+0	0,000E+0	0,000E+0	0,000E+0
1,425E+3	0,000E+0	0,000E+0	0,000E+0	0,000E+0
1,455E+3	0,000E+0	0,000E+0	0,000E+0	0,000E+0
1,485E+3	0,000E+0	0,000E+0	0,000E+0	0,000E+0
1,515E+3	0,000E+0	0,000E+0	0,000E+0	0,000E+0
1,545E+3	0,000E+0	0,000E+0	0,000E+0	0,000E+0
1,575E+3	0,000E+0	0,000E+0	0,000E+0	0,000E+0
1,605E+3	0,000E+0	0,000E+0	0,000E+0	0,000E+0
1,635E+3	0,000E+0	0,000E+0	0,000E+0	0,000E+0
1,665E+3	0,000E+0	0,000E+0	0,000E+0	0,000E+0
1,695E+3	0,000E+0	0,000E+0	0,000E+0	0,000E+0
1,725E+3	0,000E+0	0,000E+0	0,000E+0	0,000E+0
1,755E+3	0,000E+0	0,000E+0	0,000E+0	0,000E+0
1,785E+3	0,000E+0	0,000E+0	0,000E+0	0,000E+0
1,815E+3	0,000E+0	0,000E+0	0,000E+0	0,000E+0
1,845E+3	0,000E+0	0,000E+0	0,000E+0	0,000E+0
1,875E+3	0,000E+0	0,000E+0	0,000E+0	0,000E+0
1,905E+3	0,000E+0	0,000E+0	0,000E+0	0,000E+0
1,935E+3	0,000E+0	0,000E+0	0,000E+0	0,000E+0
1,965E+3	0,000E+0	0,000E+0	0,000E+0	0,000E+0
1,995E+3	0,000E+0	0,000E+0	0,000E+0	0,000E+0
2,025E+3	0,000E+0	0,000E+0	0,000E+0	0,000E+0
2,055E+3	0,000E+0	0,000E+0	0,000E+0	0,000E+0
2,085E+3	0,000E+0	0,000E+0	0,000E+0	0,000E+0
2,115E+3	0,000E+0	0,000E+0	0,000E+0	0,000E+0
2,145E+3	1,000E+0	8,631E+4	5,168E+9	3,614E+6
2,175E+3	0,000E+0	0,000E+0	0,000E+0	0,000E+0
2,205E+3	0,000E+0	0,000E+0	0,000E+0	0,000E+0
2,235E+3	0,000E+0	0,000E+0	0,000E+0	0,000E+0
2,265E+3	0,000E+0	0,000E+0	0,000E+0	0,000E+0
2,295E+3	0,000E+0	0,000E+0	0,000E+0	0,000E+0
2,325E+3	0,000E+0	0,000E+0	0,000E+0	0,000E+0
2,355E+3	0,000E+0	0,000E+0	0,000E+0	0,000E+0
2,385E+3	0,000E+0	0,000E+0	0,000E+0	0,000E+0
2,415E+3	0,000E+0	0,000E+0	0,000E+0	0,000E+0
2,445E+3	0,000E+0	0,000E+0	0,000E+0	0,000E+0
2,475E+3	0,000E+0	0,000E+0	0,000E+0	0,000E+0
2,505E+3	0,000E+0	0,000E+0	0,000E+0	0,000E+0
2,535E+3	0,000E+0	0,000E+0	0,000E+0	0,000E+0
2,565E+3	0,000E+0	0,000E+0	0,000E+0	0,000E+0
2,595E+3	0,000E+0	0,000E+0	0,000E+0	0,000E+0
2,625E+3	0,000E+0	0,000E+0	0,000E+0	0,000E+0
2,655E+3	0,000E+0	0,000E+0	0,000E+0	0,000E+0
2,685E+3	0,000E+0	0,000E+0	0,000E+0	0,000E+0
2,715E+3	0,000E+0	0,000E+0	0,000E+0	0,000E+0
2,745E+3	0,000E+0	0,000E+0	0,000E+0	0,000E+0
2,775E+3	0,000E+0	0,000E+0	0,000E+0	0,000E+0
2,805E+3	0,000E+0	0,000E+0	0,000E+0	0,000E+0
2,835E+3	0,000E+0	0,000E+0	0,000E+0	0,000E+0
2,865E+3	0,000E+0	0,000E+0	0,000E+0	0,000E+0
2,895E+3	0,000E+0	0,000E+0	0,000E+0	0,000E+0
2,925E+3	0,000E+0	0,000E+0	0,000E+0	0,000E+0
2,955E+3	0,000E+0	0,000E+0	0,000E+0	0,000E+0
2,985E+3	0,000E+0	0,000E+0	0,000E+0	0,000E+0
3,015E+3	0,000E+0	0,000E+0	0,000E+0	0,000E+0
3,045E+3	0,000E+0	0,000E+0	0,000E+0	0,000E+0
3,075E+3	0,000E+0	0,000E+0	0,000E+0	0,000E+0
3,105E+3	0,000E+0	0,000E+0	0,000E+0	0,000E+0
3,135E+3	0,000E+0	0,000E+0	0,000E+0	0,000E+0
3,165E+3	0,000E+0	0,000E+0	0,000E+0	0,000E+0
3,195E+3	0,000E+0	0,000E+0	0,000E+0	0,000E+0
3,225E+3	0,000E+0	0,000E+0	0,000E+0	0,000E+0
3,255E+3	0,000E+0	0,000E+0	0,000E+0	0,000E+0
3,285E+3	0,000E+0	0,000E+0	0,000E+0	0,000E+0
3,315E+3	0,000E+0	0,000E+0	0,000E+0	0,000E+0
3,345E+3	0,000E+0	0,000E+0	0,000E+0	0,000E+0
3,375E+3	0,000E+0	0,000E+0	0,000E+0	0,000E+0
3,405E+3	0,000E+0	0,000E+0	0,000E+0	0,000E+0
3,435E+3	0,000E+0	0,000E+0	0,000E+0	0,000E+0
3,465E+3	0,000E+0	0,000E+0	0,000E+0	0,000E+0
3,495E+3	0,000E+0	0,000E+0	0,000E+0	0,000E+0
3,525E+3	0,000E+0	0,000E+0	0,000E+0	0,000E+0
3,555E+3	0,000E+0	0,000E+0	0,000E+0	0,000E+0
3,585E+3	0,000E+0	0,000E+0	0,000E+0	0,000E+0
3,615E+3	0,000E+0	0,000E+0	0,000E+0	0,000E+0
3,645E+3	0,000E+0	0,000E+0	0,000E+0	0,000E+0
3,675E+3	0,000E+0	0,000E+0	0,000E+0	0,000E+0
3,705E+3	0,000E+0	0,000E+0	0,000E+0	0,000E+0
3,735E+3	0,000E+0	0,000E+0	0,000E+0	0,000E+0
3,765E+3	0,000E+0	0,000E+0	0,000E+0	0,000E+0
3,795E+3	0,000E+0	0,000E+0	0,000E+0	0,000E+0
3,825E+3	0,000E+0	0,000E+0	0,000E+0	0,000E+0
3,855E+3	0,000E+0	0,000E+0	0,000E+0	0,000E+0
3,885E+3	0,000E+0	0,000E+0	0,000E+0	0,000E+0
3,915E+3	0,000E+0	0,000E+0	0,000E+0	0,000E+0
3,945E+3	0,000E+0	0,000E+0	0,000E+0	0,000E+0
3,975E+3	0,000E+0	0,000E+0	0,000E+0	0,000E+0
4,005E+3	0,000E+0	0,000E+0	0,000E+0	0,000E+0
4,035E+3	0,000E+0	0,000E+0	0,000E+0	0,000E+0
4,065E+3	0,000E+0	0,000E+0	0,000E+0	0,000E+0
4,095E+3	0,000E+0	0,000E+0	0,000E+0	0,000E+0
4,125E+3	0,000E+0	0,000E+0	0,000E+0	0,000E+0
4,155E+3	0,000E+0	0,000E+0	0,000E+0	0,000E+0
4,185E+3	0,000E+0	0,000E+0	0,000E+0	0,000E+0
4,215E+3	0,000E+0	0,000E+0	0,000E+0	0,000E+0
4,245E+3	0,000E+0	0,000E+0	0,000E+0	0,000E+0
4,275E+3	0,000E+0	0,000E+0	0,000E+0	0,000E+0
4,305E+3	0,000E+0	0,000E+0	0,000E+0	0,000E+0
4,335E+3	0,000E+0	0,000E+0	0,000E+0	0,000E+0
4,365E+3	0,000E+0	0,000E+0	0,000E+0	0,000E+0
4,395E+3	0,000E+0	0,000E+0	0,000E+0	0,000E+0
4,425E+3	0,000E+0	0,000E+0	0,000E+0	0,000E+0
4,455E+3	0,000E+0	0,000E+0	0,000E+0	0,000E+0
4,485E+3	0,000E+0	0,000E+0	0,000E+0	0,000E+0
4,515E+3	0,000E+0	0,000E+0	0,000E+0	0,000E+0
4,545E+3	0,000E+0	0,000E+0	0,000E+0	0,000E+0
4,575E+3	0,000E+0	0,000E+0	0,000E+0	0,000E+0
4,605E+3	0,000E+0	0,000E+0	0,000E+0	0,000E+0
4,635E+3	0,000E+0	0,000E+0	0,000E+0	0,000E+0
4,665E+3	0,000E+0	0,000E+0	0,000E+0	0,000E+0
4,695E+3	0,000E+0	0,000E+0	0,000E+0	0,000E+0
4,725E+3	0,000E+0	0,000E+0	0,000E+0	0,000E+0
4,755E+3	0,000E+0	0,000E+0	0,000E+0	0,000E+0
4,785E+3	0,000E+0	0,000E+0	0,000E+0	0,000E+0
4,815E+3	0,000E+0	0,000E+0	0,000E+0	0,000E+0
4,845E+3	0,000E+0	0,000E+0	0,000E+0	0,000E+0
4,875E+3	0,000E+0	0,000E+0	0,000E+0	0,000E+0
4,905E+3	0,000E+0	0,000E+0	0,000E+0	0,000E+0
4,935E+3	0,000E+0	0,000E+0	0,000E+0	0,000E+0
4,965E+3	0,000E+0	0,000E+0	0,000E+0	0,000E+0
4,995E+3	0,000E+0	0,000E+0	0,000E+0	0,000E+0
5,025E+3	0,000E+0	0,000E+0	0,000E+0	0,000E+0
5,055E+3	0,000E+0	0,000E+0	0,000E+0	0,000E+0
5,085E+3	0,000E+0	0,000E+0	0,000E+0	0,000E+0
5,115E+3	0,000E+0	0,000E+0	0,000E+0	0,000E+0
5,145E+3	0,000E+0	0,000E+0	0,000E+0	0,000E+0
5,175E+3	0,000E+0	0,000E+0	0,000E+0	0,000E+0
5,205E+3	0,000E+0	0,000E+0	0,000E+0	0,000E+0
5,235E+3	0,000E+0	0,000E+0	0,000E+0	0,000E+0
5,265E+3	0,000E+0	0,000E+0	0,000E+0	0,000E+0
5,295E+3	0,000E+0	0,000E+0	0,000E+0	0,000E+0
5,325E+3	0,000E+0	0,000E+0	0,000E+0	0,000E+0
5,355E+3	0,000E+0	0,000E+0	0,000E+0	0,000E+0
5,385E+3	0,000E+0	0,000E+0	0,000E+0	0,000E+0
5,415E+3	0,000E+0	0,000E+0	0,000E+0	0,000E+0
5,445E+3	0,000E+0	0,000E+0	0,000E+0	0,000E+0
5,475E+3	0,000E+0	0,000E+0	0,000E+0	0,000E+0
5,505E+3	0,000E+0	0,000E+0	0,000E+0	0,000E+0
5,535E+3	0,000E+0	0,000E+0	0,000E+0	0,000E+0
5,565E+3	0,000E+0	0,000E+0	0,000E+0	0,000E+0
5,595E+3	0,000E+0	0,000E+0	0,000E+0	0,000E+0
5,625E+3	0,000E+0	0,000E+0	0,000E+0	0,000E+0
5,655E+3	0,000E+0	0,000E+0	0,000E+0	0,000E+0
5,685E+3	0,000E+0	0,000E+0	0,000E+0	0,000E+0
5,715E+3	0,000E+0	0,000E+0	0,000E+0	0,000E+0
5,745E+3	0,000E+0	0,000E+0	0,000E+0	0,000E+0
5,775E+3	0,000E+0	0,000E+0	0,000E+0	0,000E+0
5,805E+3	0,000E+0	0,000E+0	0,000E+0	0,000E+0
5,835E+3	0,000E+0	0,000E+0	0,000E+0	0,000E+0
5,865E+3	0,000E+0	0,000E+0	0,000E+0	0,000E+0
5,895E+3	0,000E+0	0,000E+0	0,000E+0	0,000E+0
5,925E+3	0,000E+0	0,000E+0	0,000E+0	0,000E+0
5,955E+3	0,000E+0	0,000E+0	0,000E+0	0,000E+0
5,985E+3	0,000E+0	0,000E+0	0,000E+0	0,000E+0
-1,000E+0	-1,000E+0	-1,000E+0	-1,000E+0	0,000E+0
4,683E+0	0,000E+0	0,000E+0	0,000E+0	0,000E+0
4,855E+0	0,000E+0	0,000E+0	0,000E+0	0,000E+0
5,033E+0	0,000E+0	0,000E+0	0,000E+0	0,000E+0
5,217E+0	0,000E+0	0,000E+0	0,000E+0	0,000E+0
5,408E+0	0,000E+0	0,000E+0	0,000E+0	0,000E+0
5,607E+0	0,000E+0	0,000E+0	0,000E+0	0,000E+0
5,812E+0	0,000E+0	0,000E+0	0,000E+0	0,000E+0
6,025E+0	0,000E+0	0,000E+0	0,000E+0	0,000E+0
6,246E+0	0,000E+0	0,000E+0	0,000E+0	0,000E+0
6,474E+0	0,000E+0	0,000E+0	0,000E+0	0,000E+0
6,712E+0	0,000E+0	0,000E+0	0,000E+0	0,000E+0
6,957E+0	0,000E+0	0,000E+0	0,000E+0	0,000E+0
7,212E+0	0,000E+0	0,000E+0	0,000E+0	0,000E+0
7,476E+0	0,000E+0	0,000E+0	0,000E+0	0,000E+0
7,750E+0	0,000E+0	0,000E+0	0,000E+0	0,000E+0
8,034E+0	0,000E+0	0,000E+0	0,000E+0	0,000E+0
8,329E+0	0,000E+0	0,000E+0	0,000E+0	0,000E+0
8,634E+0	0,000E+0	0,000E+0	0,000E+0	0,000E+0
8,950E+0	0,000E+0	0,000E+0	0,000E+0	0,000E+0
9,278E+0	0,000E+0	0,000E+0	0,000E+0	0,000E+0
9,618E+0	0,000E+0	0,000E+0	0,000E+0	0,000E+0
9,970E+0	0,000E+0	0,000E+0	0,000E+0	0,000E+0
1,034E+1	0,000E+0	0,000E+0	0,000E+0	0,000E+0
1,071E+1	0,000E+0	0,000E+0	0,000E+0	0,000E+0
1,111E+1	0,000E+0	0,000E+0	0,000E+0	0,000E+0
1,151E+1	0,000E+0	0,000E+0	0,000E+0	0,000E+0
1,193E+1	0,000E+0	0,000E+0	0,000E+0	0,000E+0
1,237E+1	0,000E+0	0,000E+0	0,000E+0	0,000E+0
1,283E+1	0,000E+0	0,000E+0	0,000E+0	0,000E+0
1,330E+1	0,000E+0	0,000E+0	0,000E+0	0,000E+0
1,378E+1	0,000E+0	0,000E+0	0,000E+0	0,000E+0
1,429E+1	0,000E+0	0,000E+0	0,000E+0	0,000E+0
1,481E+1	0,000E+0	0,000E+0	0,000E+0	0,000E+0
1,535E+1	0,000E+0	0,000E+0	0,000E+0	0,000E+0
1,592E+1	0,000E+0	0,000E+0	0,000E+0	0,000E+0
1,650E+1	0,000E+0	0,000E+0	0,000E+0	0,000E+0
1,710E+1	0,000E+0	0,000E+0	0,000E+0	0,000E+0
1,773E+1	0,000E+0	0,000E+0	0,000E+0	0,000E+0
1,838E+1	0,000E+0	0,000E+0	0,000E+0	0,000E+0
1,905E+1	0,000E+0	0,000E+0	0,000E+0	0,000E+0
1,975E+1	0,000E+0	0,000E+0	0,000E+0	0,000E+0
2,047E+1	0,000E+0	0,000E+0	0,000E+0	0,000E+0
2,122E+1	0,000E+0	0,000E+0	0,000E+0	0,000E+0
2,200E+1	0,000E+0	0,000E+0	0,000E+0	0,000E+0
2,281E+1	0,000E+0	0,000E+0	0,000E+0	0,000E+0
2,364E+1	0,000E+0	0,000E+0	0,000E+0	0,000E+0
2,451E+1	0,000E+0	0,000E+0	0,000E+0	0,000E+0
2,541E+1	0,000E+0	0,000E+0	0,000E+0	0,000E+0
2,634E+1	0,000E+0	0,000E+0	0,000E+0	0,000E+0
2,730E+1	0,000E+0	0,000E+0	0,000E+0	0,000E+0
2,830E+1	0,000E+0	0,000E+0	0,000E+0	0,000E+0
2,934E+1	0,000E+0	0,000E+0	0,000E+0	0,000E+0
3,041E+1	0,000E+0	0,000E+0	0,000E+0	0,000E+0
3,153E+1	0,000E+0	0,000E+0	0,000E+0	0,000E+0
3,268E+1	0,000E+0	0,000E+0	0,000E+0	0,000E+0
3,388E+1	0,000E+0	0,000E+0	0,000E+0	0,000E+0
3,512E+1	0,000E+0	0,000E+0	0,000E+0	0,000E+0
3,641E+1	0,000E+0	0,000E+0	0,000E+0	0,000E+0
3,774E+1	0,000E+0	0,000E+0	0,000E+0	0,000E+0
3,912E+1	0,000E+0	0,000E+0	0,000E+0	0,000E+0
4,056E+1	0,000E+0	0,000E+0	0,000E+0	0,000E+0
4,204E+1	0,000E+0	0,000E+0	0,000E+0	0,000E+0
4,358E+1	0,000E+0	0,000E+0	0,000E+0	0,000E+0
4,518E+1	0,000E+0	0,000E+0	0,000E+0	0,000E+0
4,683E+1	0,000E+0	0,000E+0	0,000E+0	0,000E+0
4,855E+1	0,000E+0	0,000E+0	0,000E+0	0,000E+0
5,033E+1	0,000E+0	0,000E+0	0,000E+0	0,000E+0
5,217E+1	0,000E+0	0,000E+0	0,000E+0	0,000E+0
5,408E+1	0,000E+0	0,000E+0	0,000E+0	0,000E+0
5,607E+1	0,000E+0	0,000E+0	0,000E+0	0,000E+0
5,812E+1	1,000E+0	8,631E+4	1,028E+5	2,653E+3
6,025E+1	0,000E+0	0,000E+0	0,000E+0	0,000E+0
6,246E+1	0,000E+0	0,000E+0	0,000E+0	0,000E+0
6,474E+1	2,000E+0	1,726E+5	2,842E+5	6,584E+3
6,712E+1	1,000E+0	8,631E+4	1,583E+5	3,538E+3
6,957E+1	1,000E+0	8,631E+4	1,763E+5	3,802E+3
7,212E+1	3,000E+0	2,589E+5	5,893E+5	1,226E+4
7,476E+1	0,000E+0	0,000E+0	0,000E+0	0,000E+0
7,750E+1	2,000E+0	1,726E+5	4,875E+5	9,435E+3
8,034E+1	0,000E+0	0,000E+0	0,000E+0	0,000E+0
8,329E+1	2,000E+0	1,726E+5	6,050E+5	1,090E+4
8,634E+1	0,000E+0	0,000E+0	0,000E+0	0,000E+0
8,950E+1	2,000E+0	1,726E+5	7,507E+5	1,258E+4
9,278E+1	1,000E+0	8,631E+4	4,182E+5	6,761E+3
9,618E+1	4,000E+0	3,452E+5	1,863E+6	2,906E+4
9,970E+1	5,000E+0	4,315E+5	2,595E+6	3,903E+4
1,034E+2	5,000E+0	4,315E+5	2,890E+6	4,195E+4
1,071E+2	4,000E+0	3,452E+5	2,576E+6	3,606E+4
1,111E+2	5,000E+0	4,315E+5	3,587E+6	4,844E+4
1,151E+2	9,000E+0	7,768E+5	7,192E+6	9,370E+4
1,193E+2	6,000E+0	5,178E+5	5,341E+6	6,712E+4
1,237E+2	1,100E+1	9,494E+5	1,091E+7	1,322E+5
1,283E+2	8,000E+0	6,905E+5	8,837E+6	1,034E+5
1,330E+2	2,000E+1	1,726E+6	2,461E+7	2,777E+5
1,378E+2	2,000E+1	1,726E+6	2,742E+7	2,984E+5
1,429E+2	2,300E+1	1,985E+6	3,512E+7	3,687E+5
1,481E+2	3,200E+1	2,762E+6	5,443E+7	5,513E+5
1,535E+2	3,000E+1	2,589E+6	5,685E+7	5,554E+5
1,592E+2	1,800E+1	1,554E+6	3,800E+7	3,581E+5
1,650E+2	2,700E+1	2,330E+6	6,349E+7	5,772E+5
1,710E+2	4,700E+1	4,056E+6	1,231E+8	1,080E+6
1,773E+2	4,400E+1	3,798E+6	1,284E+8	1,086E+6
1,838E+2	3,300E+1	2,848E+6	1,073E+8	8,755E+5
1,905E+2	4,100E+1	3,539E+6	1,485E+8	1,169E+6
1,975E+2	3,300E+1	2,848E+6	1,331E+8	1,011E+6
2,047E+2	4,200E+1	3,625E+6	1,887E+8	1,383E+6
2,122E+2	2,800E+1	2,417E+6	1,402E+8	9,906E+5
2,200E+2	3,500E+1	3,021E+6	1,952E+8	1,331E+6
2,281E+2	2,300E+1	1,985E+6	1,429E+8	9,396E+5
2,364E+2	2,600E+1	2,244E+6	1,799E+8	1,141E+6
2,451E+2	2,200E+1	1,899E+6	1,696E+8	1,038E+6
2,541E+2	2,600E+1	2,244E+6	2,233E+8	1,318E+6
2,634E+2	1,500E+1	1,295E+6	1,435E+8	8,172E+5
2,730E+2	1,300E+1	1,122E+6	1,385E+8	7,611E+5
2,830E+2	2,200E+1	1,899E+6	2,611E+8	1,384E+6
2,934E+2	6,000E+0	5,178E+5	7,934E+7	4,056E+5
3,041E+2	1,000E+1	8,631E+5	1,473E+8	7,265E+5
3,153E+2	1,700E+1	1,467E+6	2,790E+8	1,327E+6
3,268E+2	6,000E+0	5,178E+5	1,097E+8	5,034E+5
3,388E+2	1,200E+1	1,036E+6	2,444E+8	1,082E+6
3,512E+2	1,000E+1	8,631E+5	2,268E+8	9,688E+5
3,641E+2	4,000E+0	3,452E+5	1,011E+8	4,164E+5
3,774E+2	1,000E+1	8,631E+5	2,815E+8	1,119E+6
3,912E+2	8,000E+0	6,905E+5	2,509E+8	9,618E+5
4,056E+2	1,100E+1	9,494E+5	3,842E+8	1,421E+6
4,204E+2	7,000E+0	6,042E+5	2,724E+8	9,718E+5
4,358E+2	1,000E+1	8,631E+5	4,335E+8	1,492E+6
4,518E+2	5,000E+0	4,315E+5	2,414E+8	8,016E+5
4,683E+2	6,000E+0	5,178E+5	3,227E+8	1,034E+6
4,855E+2	7,000E+0	6,042E+5	4,195E+8	1,296E+6
5,033E+2	4,000E+0	3,452E+5	2,670E+8	7,958E+5
5,217E+2	6,000E+0	5,178E+5	4,462E+8	1,283E+6
5,408E+2	5,000E+0	4,315E+5	4,142E+8	1,149E+6
5,607E+2	2,000E+0	1,726E+5	1,846E+8	4,938E+5
5,812E+2	1,000E+0	8,631E+4	1,028E+8	2,653E+5
6,025E+2	6,000E+0	5,178E+5	6,870E+8	1,711E+6
6,246E+2	4,000E+0	3,452E+5	5,102E+8	1,225E+6
6,474E+2	1,000E+0	8,631E+4	1,421E+8	3,292E+5
6,712E+2	4,000E+0	3,452E+5	6,332E+8	1,415E+6
6,957E+2	2,000E+0	1,726E+5	3,527E+8	7,603E+5
7,212E+2	4,000E+0	3,452E+5	7,857E+8	1,634E+6
7,476E+2	0,000E+0	0,000E+0	0,000E+0	0,000E+0
7,750E+2	0,000E+0	0,000E+0	0,000E+0	0,000E+0
8,034E+2	1,000E+0	8,631E+4	2,715E+8	5,070E+5
8,329E+2	0,000E+0	0,000E+0	0,000E+0	0,000E+0
8,634E+2	0,000E+0	0,000E+0	0,000E+0	0,000E+0
8,950E+2	1,000E+0	8,631E+4	3,754E+8	6,291E+5
9,278E+2	1,000E+0	8,631E+4	4,182E+8	6,761E+5
9,618E+2	0,000E+0	0,000E+0	0,000E+0	0,000E+0
9,970E+2	1,000E+0	8,631E+4	5,189E+8	7,807E+5
1,034E+3	0,000E+0	0,000E+0	0,000E+0	0,000E+0
1,071E+3	1,000E+0	8,631E+4	6,439E+8	9,015E+5
1,111E+3	0,000E+0	0,000E+0	0,000E+0	0,000E+0
1,151E+3	0,000E+0	0,000E+0	0,000E+0	0,000E+0
1,193E+3	1,000E+0	8,631E+4	8,901E+8	1,119E+6
1,237E+3	0,000E+0	0,000E+0	0,000E+0	0,000E+0
1,283E+3	0,000E+0	0,000E+0	0,000E+0	0,000E+0
1,330E+3	0,000E+0	0,000E+0	0,000E+0	0,000E+0
1,378E+3	0,000E+0	0,000E+0	0,000E+0	0,000E+0
1,429E+3	0,000E+0	0,000E+0	0,000E+0	0,000E+0
1,481E+3	0,000E+0	0,000E+0	0,000E+0	0,000E+0
1,535E+3	0,000E+0	0,000E+0	0,000E+0	0,000E+0
1,592E+3	0,000E+0	0,000E+0	0,000E+0	0,000E+0
1,650E+3	0,000E+0	0,000E+0	0,000E+0	0,000E+0
1,710E+3	0,000E+0	0,000E+0	0,000E+0	0,000E+0
1,773E+3	0,000E+0	0,000E+0	0,000E+0	0,000E+0
1,838E+3	0,000E+0	0,000E+0	0,000E+0	0,000E+0
1,905E+3	0,000E+0	0,000E+0	0,000E+0	0,000E+0
1,975E+3	0,000E+0	0,000E+0	0,000E+0	0,000E+0
2,047E+3	0,000E+0	0,000E+0	0,000E+0	0,000E+0
2,122E+3	1,000E+0	8,631E+4	5,006E+9	3,538E+6
2,200E+3	0,000E+0	0,000E+0	0,000E+0	0,000E+0
2,281E+3	0,000E+0	0,000E+0	0,000E+0	0,000E+0
2,364E+3	0,000E+0	0,000E+0	0,000E+0	0,000E+0
2,451E+3	0,000E+0	0,000E+0	0,000E+0	0,000E+0
2,541E+3	0,000E+0	0,000E+0	0,000E+0	0,000E+0
2,634E+3	0,000E+0	0,000E+0	0,000E+0	0,000E+0
2,730E+3	0,000E+0	0,000E+0	0,000E+0	0,000E+0
2,830E+3	0,000E+0	0,000E+0	0,000E+0	0,000E+0
2,934E+3	0,000E+0	0,000E+0	0,000E+0	0,000E+0
3,041E+3	0,000E+0	0,000E+0	0,000E+0	0,000E+0
3,153E+3	0,000E+0	0,000E+0	0,000E+0	0,000E+0
3,268E+3	0,000E+0	0,000E+0	0,000E+0	0,000E+0
3,388E+3	0,000E+0	0,000E+0	0,000E+0	0,000E+0
3,512E+3	0,000E+0	0,000E+0	0,000E+0	0,000E+0
3,641E+3	0,000E+0	0,000E+0	0,000E+0	0,000E+0
3,774E+3	0,000E+0	0,000E+0	0,000E+0	0,000E+0
3,912E+3	0,000E+0	0,000E+0	0,000E+0	0,000E+0
4,056E+3	0,000E+0	0,000E+0	0,000E+0	0,000E+0
4,204E+3	0,000E+0	0,000E+0	0,000E+0	0,000E+0
4,358E+3	0,000E+0	0,000E+0	0,000E+0	0,000E+0
4,518E+3	0,000E+0	0,000E+0	0,000E+0	0,000E+0
4,683E+3	0,000E+0	0,000E+0	0,000E+0	0,000E+0
4,855E+3	0,000E+0	0,000E+0	0,000E+0	0,000E+0
5,033E+3	0,000E+0	0,000E+0	0,000E+0	0,000E+0
5,217E+3	0,000E+0	0,000E+0	0,000E+0	0,000E+0
5,408E+3	0,000E+0	0,000E+0	0,000E+0	0,000E+0
5,607E+3	0,000E+0	0,000E+0	0,000E+0	0,000E+0
5,812E+3	0,000E+0	0,000E+0	0,000E+0	0,000E+0
6,025E+3	0,000E+0	0,000E+0	0,000E+0	0,000E+0
