Original File:	C:\Users\pharmagal\Desktop\Arosio_Eduard\20230831_0016_13_2_size_405.avi	Section:	0,1 [0]
Operator:	pharmagal
Experiment:	20230831_0016
ZetaVIEW S/N:	18-359
Software:	ZetaView (version 8.05.12 SP1)	Analyze:	8.05.12 SP1
Sample:	13_2
Electrolyte:	diw
pH:	7,400000	entered
Conductivity:	15000,000000	sensed
Temperature:	25,380000	sensed
Viscosity:	0,899237
Date:	2023-08-31
Time:	16:54:38
General Remarks:	
Remarks:	
Sample Remarks0:	
Sample Remarks1:	
Sample Remarks2:
Scattering Intensity:	9,595905
Detected Particles:	186
Particle Drift Checked:	2023-08-31 16:31:23
Particle Drift Check Result:	OK
Cell Checked:	2023-08-31 14:42:34
Cell Check Result:	Very Good
Type of Measurement:	Size Distribution
Microscope Position:	0,100004
Number of Traces:	871	(at 0,100000)	Average Number of Particles:	131,300000	Dilution::	100,000000
Image Evaluation:
Minimum Brightness:	30
Minimum Area:	10
Maximum Area:	1000
Maximum Brightness:	255
Tracking Radius2:	100
Minimum Tracelength:	30
Begin New Traces:	1
PSD log Correction:	0
Camera:	FpSec 60 #Cycles 2 FRate 30,000000
Gain:	28,800000
Offset:	0,000000
Shutter:	100,000000
Brightness:	NaN
Gamma:	NaN
Auto Exposure:	NaN
Camera Trigger Mode:	Camera Frequency
Camera Trigger Duration mus:	Shutter Duration
Camera Trigger Delay mus:	0
Laser Wavelength nm:	405,000000
Filter Wavelength nm:	Scatter
Position:	0,100004
actual Microscope:	-83264	(Pos	0,100004)
actual Laser:	-213188
Position0 Microscope:	-90692
Position0 Laser:	-223132
Position1 Microscope:	-16415
Position1 Laser:	-123695
Cell Thickness (Microscope Steps):	-74277
Cell Thickness (Laser Steps):	-99437
SL1 (Stationary Layer 1):	0,149500
SL2 (Stationary Layer 2):	0,850500
Cell parameter:
Cell#:	ZNTA
Micrometer per Pixel:	0,712000
Reference Electrode Distance:	5,150000
Voltage:	0,000000
Polarity:	1
Reference Voltage:	0,000000
Microscope Magnification:	x10
ZP Factor:	12,803139 (Smoluchowski)Results (Pos 0,100004):
Median Number (D50):	131,106374
Median Concentration (D50):	131,106374
Median Volume (D50):	182,773113
Size Distribution
Size / nm	Number	Concentration / cm-3	Volume / nm^3	Area / nm^2
1,500E+1	1,000E+0	7,087E+4	1,767E+3	1,767E+2
4,500E+1	1,400E+1	9,922E+5	6,680E+5	2,227E+4
7,500E+1	7,100E+1	5,032E+6	1,568E+7	3,137E+5
1,050E+2	2,390E+2	1,694E+7	1,449E+8	2,070E+6
1,350E+2	2,380E+2	1,687E+7	3,066E+8	3,407E+6
1,650E+2	1,530E+2	1,084E+7	3,599E+8	3,272E+6
1,950E+2	8,800E+1	6,237E+6	3,417E+8	2,628E+6
2,250E+2	4,000E+1	2,835E+6	2,386E+8	1,590E+6
2,550E+2	1,100E+1	7,796E+5	9,550E+7	5,618E+5
2,850E+2	3,000E+0	2,126E+5	3,636E+7	1,914E+5
3,150E+2	7,000E+0	4,961E+5	1,146E+8	5,455E+5
3,450E+2	3,000E+0	2,126E+5	6,450E+7	2,804E+5
3,750E+2	1,000E+0	7,087E+4	2,761E+7	1,104E+5
4,050E+2	2,000E+0	1,417E+5	6,957E+7	2,576E+5
4,350E+2	0,000E+0	0,000E+0	0,000E+0	0,000E+0
4,650E+2	0,000E+0	0,000E+0	0,000E+0	0,000E+0
4,950E+2	0,000E+0	0,000E+0	0,000E+0	0,000E+0
5,250E+2	0,000E+0	0,000E+0	0,000E+0	0,000E+0
5,550E+2	0,000E+0	0,000E+0	0,000E+0	0,000E+0
5,850E+2	0,000E+0	0,000E+0	0,000E+0	0,000E+0
6,150E+2	0,000E+0	0,000E+0	0,000E+0	0,000E+0
6,450E+2	0,000E+0	0,000E+0	0,000E+0	0,000E+0
6,750E+2	0,000E+0	0,000E+0	0,000E+0	0,000E+0
7,050E+2	0,000E+0	0,000E+0	0,000E+0	0,000E+0
7,350E+2	0,000E+0	0,000E+0	0,000E+0	0,000E+0
7,650E+2	0,000E+0	0,000E+0	0,000E+0	0,000E+0
7,950E+2	0,000E+0	0,000E+0	0,000E+0	0,000E+0
8,250E+2	0,000E+0	0,000E+0	0,000E+0	0,000E+0
8,550E+2	0,000E+0	0,000E+0	0,000E+0	0,000E+0
8,850E+2	0,000E+0	0,000E+0	0,000E+0	0,000E+0
9,150E+2	0,000E+0	0,000E+0	0,000E+0	0,000E+0
9,450E+2	0,000E+0	0,000E+0	0,000E+0	0,000E+0
9,750E+2	0,000E+0	0,000E+0	0,000E+0	0,000E+0
1,005E+3	0,000E+0	0,000E+0	0,000E+0	0,000E+0
1,035E+3	0,000E+0	0,000E+0	0,000E+0	0,000E+0
1,065E+3	0,000E+0	0,000E+0	0,000E+0	0,000E+0
1,095E+3	0,000E+0	0,000E+0	0,000E+0	0,000E+0
1,125E+3	0,000E+0	0,000E+0	0,000E+0	0,000E+0
1,155E+3	0,000E+0	0,000E+0	0,000E+0	0,000E+0
1,185E+3	0,000E+0	0,000E+0	0,000E+0	0,000E+0
1,215E+3	0,000E+0	0,000E+0	0,000E+0	0,000E+0
1,245E+3	0,000E+0	0,000E+0	0,000E+0	0,000E+0
1,275E+3	0,000E+0	0,000E+0	0,000E+0	0,000E+0
1,305E+3	0,000E+0	0,000E+0	0,000E+0	0,000E+0
1,335E+3	0,000E+0	0,000E+0	0,000E+0	0,000E+0
1,365E+3	0,000E+0	0,000E+0	0,000E+0	0,000E+0
1,395E+3	0,000E+0	0,000E+0	0,000E+0	0,000E+0
1,425E+3	0,000E+0	0,000E+0	0,000E+0	0,000E+0
1,455E+3	0,000E+0	0,000E+0	0,000E+0	0,000E+0
1,485E+3	0,000E+0	0,000E+0	0,000E+0	0,000E+0
1,515E+3	0,000E+0	0,000E+0	0,000E+0	0,000E+0
1,545E+3	0,000E+0	0,000E+0	0,000E+0	0,000E+0
1,575E+3	0,000E+0	0,000E+0	0,000E+0	0,000E+0
1,605E+3	0,000E+0	0,000E+0	0,000E+0	0,000E+0
1,635E+3	0,000E+0	0,000E+0	0,000E+0	0,000E+0
1,665E+3	0,000E+0	0,000E+0	0,000E+0	0,000E+0
1,695E+3	0,000E+0	0,000E+0	0,000E+0	0,000E+0
1,725E+3	0,000E+0	0,000E+0	0,000E+0	0,000E+0
1,755E+3	0,000E+0	0,000E+0	0,000E+0	0,000E+0
1,785E+3	0,000E+0	0,000E+0	0,000E+0	0,000E+0
1,815E+3	0,000E+0	0,000E+0	0,000E+0	0,000E+0
1,845E+3	0,000E+0	0,000E+0	0,000E+0	0,000E+0
1,875E+3	0,000E+0	0,000E+0	0,000E+0	0,000E+0
1,905E+3	0,000E+0	0,000E+0	0,000E+0	0,000E+0
1,935E+3	0,000E+0	0,000E+0	0,000E+0	0,000E+0
1,965E+3	0,000E+0	0,000E+0	0,000E+0	0,000E+0
1,995E+3	0,000E+0	0,000E+0	0,000E+0	0,000E+0
2,025E+3	0,000E+0	0,000E+0	0,000E+0	0,000E+0
2,055E+3	0,000E+0	0,000E+0	0,000E+0	0,000E+0
2,085E+3	0,000E+0	0,000E+0	0,000E+0	0,000E+0
2,115E+3	0,000E+0	0,000E+0	0,000E+0	0,000E+0
2,145E+3	0,000E+0	0,000E+0	0,000E+0	0,000E+0
2,175E+3	0,000E+0	0,000E+0	0,000E+0	0,000E+0
2,205E+3	0,000E+0	0,000E+0	0,000E+0	0,000E+0
2,235E+3	0,000E+0	0,000E+0	0,000E+0	0,000E+0
2,265E+3	0,000E+0	0,000E+0	0,000E+0	0,000E+0
2,295E+3	0,000E+0	0,000E+0	0,000E+0	0,000E+0
2,325E+3	0,000E+0	0,000E+0	0,000E+0	0,000E+0
2,355E+3	0,000E+0	0,000E+0	0,000E+0	0,000E+0
2,385E+3	0,000E+0	0,000E+0	0,000E+0	0,000E+0
2,415E+3	0,000E+0	0,000E+0	0,000E+0	0,000E+0
2,445E+3	0,000E+0	0,000E+0	0,000E+0	0,000E+0
2,475E+3	0,000E+0	0,000E+0	0,000E+0	0,000E+0
2,505E+3	0,000E+0	0,000E+0	0,000E+0	0,000E+0
2,535E+3	0,000E+0	0,000E+0	0,000E+0	0,000E+0
2,565E+3	0,000E+0	0,000E+0	0,000E+0	0,000E+0
2,595E+3	0,000E+0	0,000E+0	0,000E+0	0,000E+0
2,625E+3	0,000E+0	0,000E+0	0,000E+0	0,000E+0
2,655E+3	0,000E+0	0,000E+0	0,000E+0	0,000E+0
2,685E+3	0,000E+0	0,000E+0	0,000E+0	0,000E+0
2,715E+3	0,000E+0	0,000E+0	0,000E+0	0,000E+0
2,745E+3	0,000E+0	0,000E+0	0,000E+0	0,000E+0
2,775E+3	0,000E+0	0,000E+0	0,000E+0	0,000E+0
2,805E+3	0,000E+0	0,000E+0	0,000E+0	0,000E+0
2,835E+3	0,000E+0	0,000E+0	0,000E+0	0,000E+0
2,865E+3	0,000E+0	0,000E+0	0,000E+0	0,000E+0
2,895E+3	0,000E+0	0,000E+0	0,000E+0	0,000E+0
2,925E+3	0,000E+0	0,000E+0	0,000E+0	0,000E+0
2,955E+3	0,000E+0	0,000E+0	0,000E+0	0,000E+0
2,985E+3	0,000E+0	0,000E+0	0,000E+0	0,000E+0
3,015E+3	0,000E+0	0,000E+0	0,000E+0	0,000E+0
3,045E+3	0,000E+0	0,000E+0	0,000E+0	0,000E+0
3,075E+3	0,000E+0	0,000E+0	0,000E+0	0,000E+0
3,105E+3	0,000E+0	0,000E+0	0,000E+0	0,000E+0
3,135E+3	0,000E+0	0,000E+0	0,000E+0	0,000E+0
3,165E+3	0,000E+0	0,000E+0	0,000E+0	0,000E+0
3,195E+3	0,000E+0	0,000E+0	0,000E+0	0,000E+0
3,225E+3	0,000E+0	0,000E+0	0,000E+0	0,000E+0
3,255E+3	0,000E+0	0,000E+0	0,000E+0	0,000E+0
3,285E+3	0,000E+0	0,000E+0	0,000E+0	0,000E+0
3,315E+3	0,000E+0	0,000E+0	0,000E+0	0,000E+0
3,345E+3	0,000E+0	0,000E+0	0,000E+0	0,000E+0
3,375E+3	0,000E+0	0,000E+0	0,000E+0	0,000E+0
3,405E+3	0,000E+0	0,000E+0	0,000E+0	0,000E+0
3,435E+3	0,000E+0	0,000E+0	0,000E+0	0,000E+0
3,465E+3	0,000E+0	0,000E+0	0,000E+0	0,000E+0
3,495E+3	0,000E+0	0,000E+0	0,000E+0	0,000E+0
3,525E+3	0,000E+0	0,000E+0	0,000E+0	0,000E+0
3,555E+3	0,000E+0	0,000E+0	0,000E+0	0,000E+0
3,585E+3	0,000E+0	0,000E+0	0,000E+0	0,000E+0
3,615E+3	0,000E+0	0,000E+0	0,000E+0	0,000E+0
3,645E+3	0,000E+0	0,000E+0	0,000E+0	0,000E+0
3,675E+3	0,000E+0	0,000E+0	0,000E+0	0,000E+0
3,705E+3	0,000E+0	0,000E+0	0,000E+0	0,000E+0
3,735E+3	0,000E+0	0,000E+0	0,000E+0	0,000E+0
3,765E+3	0,000E+0	0,000E+0	0,000E+0	0,000E+0
3,795E+3	0,000E+0	0,000E+0	0,000E+0	0,000E+0
3,825E+3	0,000E+0	0,000E+0	0,000E+0	0,000E+0
3,855E+3	0,000E+0	0,000E+0	0,000E+0	0,000E+0
3,885E+3	0,000E+0	0,000E+0	0,000E+0	0,000E+0
3,915E+3	0,000E+0	0,000E+0	0,000E+0	0,000E+0
3,945E+3	0,000E+0	0,000E+0	0,000E+0	0,000E+0
3,975E+3	0,000E+0	0,000E+0	0,000E+0	0,000E+0
4,005E+3	0,000E+0	0,000E+0	0,000E+0	0,000E+0
4,035E+3	0,000E+0	0,000E+0	0,000E+0	0,000E+0
4,065E+3	0,000E+0	0,000E+0	0,000E+0	0,000E+0
4,095E+3	0,000E+0	0,000E+0	0,000E+0	0,000E+0
4,125E+3	0,000E+0	0,000E+0	0,000E+0	0,000E+0
4,155E+3	0,000E+0	0,000E+0	0,000E+0	0,000E+0
4,185E+3	0,000E+0	0,000E+0	0,000E+0	0,000E+0
4,215E+3	0,000E+0	0,000E+0	0,000E+0	0,000E+0
4,245E+3	0,000E+0	0,000E+0	0,000E+0	0,000E+0
4,275E+3	0,000E+0	0,000E+0	0,000E+0	0,000E+0
4,305E+3	0,000E+0	0,000E+0	0,000E+0	0,000E+0
4,335E+3	0,000E+0	0,000E+0	0,000E+0	0,000E+0
4,365E+3	0,000E+0	0,000E+0	0,000E+0	0,000E+0
4,395E+3	0,000E+0	0,000E+0	0,000E+0	0,000E+0
4,425E+3	0,000E+0	0,000E+0	0,000E+0	0,000E+0
4,455E+3	0,000E+0	0,000E+0	0,000E+0	0,000E+0
4,485E+3	0,000E+0	0,000E+0	0,000E+0	0,000E+0
4,515E+3	0,000E+0	0,000E+0	0,000E+0	0,000E+0
4,545E+3	0,000E+0	0,000E+0	0,000E+0	0,000E+0
4,575E+3	0,000E+0	0,000E+0	0,000E+0	0,000E+0
4,605E+3	0,000E+0	0,000E+0	0,000E+0	0,000E+0
4,635E+3	0,000E+0	0,000E+0	0,000E+0	0,000E+0
4,665E+3	0,000E+0	0,000E+0	0,000E+0	0,000E+0
4,695E+3	0,000E+0	0,000E+0	0,000E+0	0,000E+0
4,725E+3	0,000E+0	0,000E+0	0,000E+0	0,000E+0
4,755E+3	0,000E+0	0,000E+0	0,000E+0	0,000E+0
4,785E+3	0,000E+0	0,000E+0	0,000E+0	0,000E+0
4,815E+3	0,000E+0	0,000E+0	0,000E+0	0,000E+0
4,845E+3	0,000E+0	0,000E+0	0,000E+0	0,000E+0
4,875E+3	0,000E+0	0,000E+0	0,000E+0	0,000E+0
4,905E+3	0,000E+0	0,000E+0	0,000E+0	0,000E+0
4,935E+3	0,000E+0	0,000E+0	0,000E+0	0,000E+0
4,965E+3	0,000E+0	0,000E+0	0,000E+0	0,000E+0
4,995E+3	0,000E+0	0,000E+0	0,000E+0	0,000E+0
5,025E+3	0,000E+0	0,000E+0	0,000E+0	0,000E+0
5,055E+3	0,000E+0	0,000E+0	0,000E+0	0,000E+0
5,085E+3	0,000E+0	0,000E+0	0,000E+0	0,000E+0
5,115E+3	0,000E+0	0,000E+0	0,000E+0	0,000E+0
5,145E+3	0,000E+0	0,000E+0	0,000E+0	0,000E+0
5,175E+3	0,000E+0	0,000E+0	0,000E+0	0,000E+0
5,205E+3	0,000E+0	0,000E+0	0,000E+0	0,000E+0
5,235E+3	0,000E+0	0,000E+0	0,000E+0	0,000E+0
5,265E+3	0,000E+0	0,000E+0	0,000E+0	0,000E+0
5,295E+3	0,000E+0	0,000E+0	0,000E+0	0,000E+0
5,325E+3	0,000E+0	0,000E+0	0,000E+0	0,000E+0
5,355E+3	0,000E+0	0,000E+0	0,000E+0	0,000E+0
5,385E+3	0,000E+0	0,000E+0	0,000E+0	0,000E+0
5,415E+3	0,000E+0	0,000E+0	0,000E+0	0,000E+0
5,445E+3	0,000E+0	0,000E+0	0,000E+0	0,000E+0
5,475E+3	0,000E+0	0,000E+0	0,000E+0	0,000E+0
5,505E+3	0,000E+0	0,000E+0	0,000E+0	0,000E+0
5,535E+3	0,000E+0	0,000E+0	0,000E+0	0,000E+0
5,565E+3	0,000E+0	0,000E+0	0,000E+0	0,000E+0
5,595E+3	0,000E+0	0,000E+0	0,000E+0	0,000E+0
5,625E+3	0,000E+0	0,000E+0	0,000E+0	0,000E+0
5,655E+3	0,000E+0	0,000E+0	0,000E+0	0,000E+0
5,685E+3	0,000E+0	0,000E+0	0,000E+0	0,000E+0
5,715E+3	0,000E+0	0,000E+0	0,000E+0	0,000E+0
5,745E+3	0,000E+0	0,000E+0	0,000E+0	0,000E+0
5,775E+3	0,000E+0	0,000E+0	0,000E+0	0,000E+0
5,805E+3	0,000E+0	0,000E+0	0,000E+0	0,000E+0
5,835E+3	0,000E+0	0,000E+0	0,000E+0	0,000E+0
5,865E+3	0,000E+0	0,000E+0	0,000E+0	0,000E+0
5,895E+3	0,000E+0	0,000E+0	0,000E+0	0,000E+0
5,925E+3	0,000E+0	0,000E+0	0,000E+0	0,000E+0
5,955E+3	0,000E+0	0,000E+0	0,000E+0	0,000E+0
5,985E+3	0,000E+0	0,000E+0	0,000E+0	0,000E+0
-1,000E+0	-1,000E+0	-1,000E+0	-1,000E+0	0,000E+0
4,683E+0	0,000E+0	0,000E+0	0,000E+0	0,000E+0
4,855E+0	0,000E+0	0,000E+0	0,000E+0	0,000E+0
5,033E+0	0,000E+0	0,000E+0	0,000E+0	0,000E+0
5,217E+0	0,000E+0	0,000E+0	0,000E+0	0,000E+0
5,408E+0	0,000E+0	0,000E+0	0,000E+0	0,000E+0
5,607E+0	0,000E+0	0,000E+0	0,000E+0	0,000E+0
5,812E+0	0,000E+0	0,000E+0	0,000E+0	0,000E+0
6,025E+0	0,000E+0	0,000E+0	0,000E+0	0,000E+0
6,246E+0	0,000E+0	0,000E+0	0,000E+0	0,000E+0
6,474E+0	0,000E+0	0,000E+0	0,000E+0	0,000E+0
6,712E+0	0,000E+0	0,000E+0	0,000E+0	0,000E+0
6,957E+0	0,000E+0	0,000E+0	0,000E+0	0,000E+0
7,212E+0	0,000E+0	0,000E+0	0,000E+0	0,000E+0
7,476E+0	0,000E+0	0,000E+0	0,000E+0	0,000E+0
7,750E+0	0,000E+0	0,000E+0	0,000E+0	0,000E+0
8,034E+0	0,000E+0	0,000E+0	0,000E+0	0,000E+0
8,329E+0	0,000E+0	0,000E+0	0,000E+0	0,000E+0
8,634E+0	0,000E+0	0,000E+0	0,000E+0	0,000E+0
8,950E+0	0,000E+0	0,000E+0	0,000E+0	0,000E+0
9,278E+0	0,000E+0	0,000E+0	0,000E+0	0,000E+0
9,618E+0	0,000E+0	0,000E+0	0,000E+0	0,000E+0
9,970E+0	0,000E+0	0,000E+0	0,000E+0	0,000E+0
1,034E+1	0,000E+0	0,000E+0	0,000E+0	0,000E+0
1,071E+1	0,000E+0	0,000E+0	0,000E+0	0,000E+0
1,111E+1	0,000E+0	0,000E+0	0,000E+0	0,000E+0
1,151E+1	0,000E+0	0,000E+0	0,000E+0	0,000E+0
1,193E+1	0,000E+0	0,000E+0	0,000E+0	0,000E+0
1,237E+1	0,000E+0	0,000E+0	0,000E+0	0,000E+0
1,283E+1	0,000E+0	0,000E+0	0,000E+0	0,000E+0
1,330E+1	0,000E+0	0,000E+0	0,000E+0	0,000E+0
1,378E+1	0,000E+0	0,000E+0	0,000E+0	0,000E+0
1,429E+1	0,000E+0	0,000E+0	0,000E+0	0,000E+0
1,481E+1	0,000E+0	0,000E+0	0,000E+0	0,000E+0
1,535E+1	0,000E+0	0,000E+0	0,000E+0	0,000E+0
1,592E+1	0,000E+0	0,000E+0	0,000E+0	0,000E+0
1,650E+1	0,000E+0	0,000E+0	0,000E+0	0,000E+0
1,710E+1	0,000E+0	0,000E+0	0,000E+0	0,000E+0
1,773E+1	0,000E+0	0,000E+0	0,000E+0	0,000E+0
1,838E+1	0,000E+0	0,000E+0	0,000E+0	0,000E+0
1,905E+1	0,000E+0	0,000E+0	0,000E+0	0,000E+0
1,975E+1	0,000E+0	0,000E+0	0,000E+0	0,000E+0
2,047E+1	0,000E+0	0,000E+0	0,000E+0	0,000E+0
2,122E+1	0,000E+0	0,000E+0	0,000E+0	0,000E+0
2,200E+1	0,000E+0	0,000E+0	0,000E+0	0,000E+0
2,281E+1	0,000E+0	0,000E+0	0,000E+0	0,000E+0
2,364E+1	0,000E+0	0,000E+0	0,000E+0	0,000E+0
2,451E+1	0,000E+0	0,000E+0	0,000E+0	0,000E+0
2,541E+1	0,000E+0	0,000E+0	0,000E+0	0,000E+0
2,634E+1	0,000E+0	0,000E+0	0,000E+0	0,000E+0
2,730E+1	0,000E+0	0,000E+0	0,000E+0	0,000E+0
2,830E+1	1,000E+0	7,087E+4	1,187E+4	6,291E+2
2,934E+1	0,000E+0	0,000E+0	0,000E+0	0,000E+0
3,041E+1	0,000E+0	0,000E+0	0,000E+0	0,000E+0
3,153E+1	0,000E+0	0,000E+0	0,000E+0	0,000E+0
3,268E+1	0,000E+0	0,000E+0	0,000E+0	0,000E+0
3,388E+1	1,000E+0	7,087E+4	2,036E+4	9,015E+2
3,512E+1	1,000E+0	7,087E+4	2,268E+4	9,688E+2
3,641E+1	0,000E+0	0,000E+0	0,000E+0	0,000E+0
3,774E+1	0,000E+0	0,000E+0	0,000E+0	0,000E+0
3,912E+1	0,000E+0	0,000E+0	0,000E+0	0,000E+0
4,056E+1	1,000E+0	7,087E+4	3,493E+4	1,292E+3
4,204E+1	0,000E+0	0,000E+0	0,000E+0	0,000E+0
4,358E+1	0,000E+0	0,000E+0	0,000E+0	0,000E+0
4,518E+1	0,000E+0	0,000E+0	0,000E+0	0,000E+0
4,683E+1	0,000E+0	0,000E+0	0,000E+0	0,000E+0
4,855E+1	0,000E+0	0,000E+0	0,000E+0	0,000E+0
5,033E+1	2,000E+0	1,417E+5	1,335E+5	3,979E+3
5,217E+1	1,000E+0	7,087E+4	7,436E+4	2,138E+3
5,408E+1	2,000E+0	1,417E+5	1,657E+5	4,595E+3
5,607E+1	3,000E+0	2,126E+5	2,768E+5	7,406E+3
5,812E+1	1,000E+0	7,087E+4	1,028E+5	2,653E+3
6,025E+1	4,000E+0	2,835E+5	4,580E+5	1,140E+4
6,246E+1	3,000E+0	2,126E+5	3,827E+5	9,191E+3
6,474E+1	4,000E+0	2,835E+5	5,684E+5	1,317E+4
6,712E+1	6,000E+0	4,252E+5	9,498E+5	2,123E+4
6,957E+1	2,000E+0	1,417E+5	3,527E+5	7,603E+3
7,212E+1	8,000E+0	5,670E+5	1,571E+6	3,268E+4
7,476E+1	8,000E+0	5,670E+5	1,751E+6	3,512E+4
7,750E+1	8,000E+0	5,670E+5	1,950E+6	3,774E+4
8,034E+1	7,000E+0	4,961E+5	1,901E+6	3,549E+4
8,329E+1	6,000E+0	4,252E+5	1,815E+6	3,269E+4
8,634E+1	6,000E+0	4,252E+5	2,022E+6	3,513E+4
8,950E+1	1,500E+1	1,063E+6	5,631E+6	9,437E+4
9,278E+1	1,800E+1	1,276E+6	7,527E+6	1,217E+5
9,618E+1	2,800E+1	1,984E+6	1,304E+7	2,034E+5
9,970E+1	2,700E+1	1,913E+6	1,401E+7	2,108E+5
1,034E+2	2,800E+1	1,984E+6	1,619E+7	2,349E+5
1,071E+2	3,800E+1	2,693E+6	2,447E+7	3,426E+5
1,111E+2	4,100E+1	2,906E+6	2,941E+7	3,972E+5
1,151E+2	2,900E+1	2,055E+6	2,317E+7	3,019E+5
1,193E+2	3,900E+1	2,764E+6	3,472E+7	4,363E+5
1,237E+2	4,000E+1	2,835E+6	3,966E+7	4,809E+5
1,283E+2	3,200E+1	2,268E+6	3,535E+7	4,134E+5
1,330E+2	4,200E+1	2,977E+6	5,168E+7	5,831E+5
1,378E+2	3,600E+1	2,551E+6	4,935E+7	5,371E+5
1,429E+2	3,900E+1	2,764E+6	5,955E+7	6,252E+5
1,481E+2	3,800E+1	2,693E+6	6,464E+7	6,547E+5
1,535E+2	3,900E+1	2,764E+6	7,390E+7	7,220E+5
1,592E+2	3,200E+1	2,268E+6	6,755E+7	6,366E+5
1,650E+2	2,800E+1	1,984E+6	6,584E+7	5,986E+5
1,710E+2	3,000E+1	2,126E+6	7,858E+7	6,892E+5
1,773E+2	2,400E+1	1,701E+6	7,003E+7	5,925E+5
1,838E+2	2,500E+1	1,772E+6	8,126E+7	6,632E+5
1,905E+2	2,200E+1	1,559E+6	7,966E+7	6,272E+5
1,975E+2	1,800E+1	1,276E+6	7,261E+7	5,514E+5
2,047E+2	2,000E+1	1,417E+6	8,987E+7	6,584E+5
2,122E+2	1,100E+1	7,796E+5	5,506E+7	3,892E+5
2,200E+2	1,200E+1	8,504E+5	6,691E+7	4,562E+5
2,281E+2	9,000E+0	6,378E+5	5,591E+7	3,677E+5
2,364E+2	1,000E+1	7,087E+5	6,920E+7	4,390E+5
2,451E+2	5,000E+0	3,544E+5	3,854E+7	2,359E+5
2,541E+2	2,000E+0	1,417E+5	1,717E+7	1,014E+5
2,634E+2	3,000E+0	2,126E+5	2,870E+7	1,634E+5
2,730E+2	0,000E+0	0,000E+0	0,000E+0	0,000E+0
2,830E+2	3,000E+0	2,126E+5	3,561E+7	1,887E+5
2,934E+2	0,000E+0	0,000E+0	0,000E+0	0,000E+0
3,041E+2	2,000E+0	1,417E+5	2,946E+7	1,453E+5
3,153E+2	1,000E+0	7,087E+4	1,641E+7	7,807E+4
3,268E+2	4,000E+0	2,835E+5	7,312E+7	3,356E+5
3,388E+2	0,000E+0	0,000E+0	0,000E+0	0,000E+0
3,512E+2	3,000E+0	2,126E+5	6,805E+7	2,906E+5
3,641E+2	0,000E+0	0,000E+0	0,000E+0	0,000E+0
3,774E+2	1,000E+0	7,087E+4	2,815E+7	1,119E+5
3,912E+2	1,000E+0	7,087E+4	3,136E+7	1,202E+5
4,056E+2	0,000E+0	0,000E+0	0,000E+0	0,000E+0
4,204E+2	1,000E+0	7,087E+4	3,891E+7	1,388E+5
4,358E+2	0,000E+0	0,000E+0	0,000E+0	0,000E+0
4,518E+2	0,000E+0	0,000E+0	0,000E+0	0,000E+0
4,683E+2	0,000E+0	0,000E+0	0,000E+0	0,000E+0
4,855E+2	0,000E+0	0,000E+0	0,000E+0	0,000E+0
5,033E+2	0,000E+0	0,000E+0	0,000E+0	0,000E+0
5,217E+2	0,000E+0	0,000E+0	0,000E+0	0,000E+0
5,408E+2	0,000E+0	0,000E+0	0,000E+0	0,000E+0
5,607E+2	0,000E+0	0,000E+0	0,000E+0	0,000E+0
5,812E+2	0,000E+0	0,000E+0	0,000E+0	0,000E+0
6,025E+2	0,000E+0	0,000E+0	0,000E+0	0,000E+0
6,246E+2	0,000E+0	0,000E+0	0,000E+0	0,000E+0
6,474E+2	0,000E+0	0,000E+0	0,000E+0	0,000E+0
6,712E+2	0,000E+0	0,000E+0	0,000E+0	0,000E+0
6,957E+2	0,000E+0	0,000E+0	0,000E+0	0,000E+0
7,212E+2	0,000E+0	0,000E+0	0,000E+0	0,000E+0
7,476E+2	0,000E+0	0,000E+0	0,000E+0	0,000E+0
7,750E+2	0,000E+0	0,000E+0	0,000E+0	0,000E+0
8,034E+2	0,000E+0	0,000E+0	0,000E+0	0,000E+0
8,329E+2	0,000E+0	0,000E+0	0,000E+0	0,000E+0
8,634E+2	0,000E+0	0,000E+0	0,000E+0	0,000E+0
8,950E+2	0,000E+0	0,000E+0	0,000E+0	0,000E+0
9,278E+2	0,000E+0	0,000E+0	0,000E+0	0,000E+0
9,618E+2	0,000E+0	0,000E+0	0,000E+0	0,000E+0
9,970E+2	0,000E+0	0,000E+0	0,000E+0	0,000E+0
1,034E+3	0,000E+0	0,000E+0	0,000E+0	0,000E+0
1,071E+3	0,000E+0	0,000E+0	0,000E+0	0,000E+0
1,111E+3	0,000E+0	0,000E+0	0,000E+0	0,000E+0
1,151E+3	0,000E+0	0,000E+0	0,000E+0	0,000E+0
1,193E+3	0,000E+0	0,000E+0	0,000E+0	0,000E+0
1,237E+3	0,000E+0	0,000E+0	0,000E+0	0,000E+0
1,283E+3	0,000E+0	0,000E+0	0,000E+0	0,000E+0
1,330E+3	0,000E+0	0,000E+0	0,000E+0	0,000E+0
1,378E+3	0,000E+0	0,000E+0	0,000E+0	0,000E+0
1,429E+3	0,000E+0	0,000E+0	0,000E+0	0,000E+0
1,481E+3	0,000E+0	0,000E+0	0,000E+0	0,000E+0
1,535E+3	0,000E+0	0,000E+0	0,000E+0	0,000E+0
1,592E+3	0,000E+0	0,000E+0	0,000E+0	0,000E+0
1,650E+3	0,000E+0	0,000E+0	0,000E+0	0,000E+0
1,710E+3	0,000E+0	0,000E+0	0,000E+0	0,000E+0
1,773E+3	0,000E+0	0,000E+0	0,000E+0	0,000E+0
1,838E+3	0,000E+0	0,000E+0	0,000E+0	0,000E+0
1,905E+3	0,000E+0	0,000E+0	0,000E+0	0,000E+0
1,975E+3	0,000E+0	0,000E+0	0,000E+0	0,000E+0
2,047E+3	0,000E+0	0,000E+0	0,000E+0	0,000E+0
2,122E+3	0,000E+0	0,000E+0	0,000E+0	0,000E+0
2,200E+3	0,000E+0	0,000E+0	0,000E+0	0,000E+0
2,281E+3	0,000E+0	0,000E+0	0,000E+0	0,000E+0
2,364E+3	0,000E+0	0,000E+0	0,000E+0	0,000E+0
2,451E+3	0,000E+0	0,000E+0	0,000E+0	0,000E+0
2,541E+3	0,000E+0	0,000E+0	0,000E+0	0,000E+0
2,634E+3	0,000E+0	0,000E+0	0,000E+0	0,000E+0
2,730E+3	0,000E+0	0,000E+0	0,000E+0	0,000E+0
2,830E+3	0,000E+0	0,000E+0	0,000E+0	0,000E+0
2,934E+3	0,000E+0	0,000E+0	0,000E+0	0,000E+0
3,041E+3	0,000E+0	0,000E+0	0,000E+0	0,000E+0
3,153E+3	0,000E+0	0,000E+0	0,000E+0	0,000E+0
3,268E+3	0,000E+0	0,000E+0	0,000E+0	0,000E+0
3,388E+3	0,000E+0	0,000E+0	0,000E+0	0,000E+0
3,512E+3	0,000E+0	0,000E+0	0,000E+0	0,000E+0
3,641E+3	0,000E+0	0,000E+0	0,000E+0	0,000E+0
3,774E+3	0,000E+0	0,000E+0	0,000E+0	0,000E+0
3,912E+3	0,000E+0	0,000E+0	0,000E+0	0,000E+0
4,056E+3	0,000E+0	0,000E+0	0,000E+0	0,000E+0
4,204E+3	0,000E+0	0,000E+0	0,000E+0	0,000E+0
4,358E+3	0,000E+0	0,000E+0	0,000E+0	0,000E+0
4,518E+3	0,000E+0	0,000E+0	0,000E+0	0,000E+0
4,683E+3	0,000E+0	0,000E+0	0,000E+0	0,000E+0
4,855E+3	0,000E+0	0,000E+0	0,000E+0	0,000E+0
5,033E+3	0,000E+0	0,000E+0	0,000E+0	0,000E+0
5,217E+3	0,000E+0	0,000E+0	0,000E+0	0,000E+0
5,408E+3	0,000E+0	0,000E+0	0,000E+0	0,000E+0
5,607E+3	0,000E+0	0,000E+0	0,000E+0	0,000E+0
5,812E+3	0,000E+0	0,000E+0	0,000E+0	0,000E+0
6,025E+3	0,000E+0	0,000E+0	0,000E+0	0,000E+0
